# t   ln(y)_fit   ln(y)_upper   ln(y)_lower
0 4.95866 4.99407 4.92326
0.08 4.94501 4.98099 4.90904
0.16 4.93137 4.96791 4.89482
0.24 4.91772 4.95483 4.8806
0.32 4.90407 4.94176 4.86637
0.4 4.89042 4.92868 4.85215
0.48 4.87677 4.9156 4.83793
0.56 4.86312 4.90253 4.82371
0.64 4.84947 4.88945 4.80948
0.72 4.83582 4.87637 4.79526
0.8 4.82217 4.86329 4.78104
0.88 4.80852 4.85022 4.76682
0.96 4.79487 4.83714 4.75259
1.04 4.78122 4.82406 4.73837
1.12 4.76757 4.81098 4.72415
1.2 4.75392 4.79791 4.70993
1.28 4.74027 4.78483 4.6957
1.36 4.72662 4.77175 4.68148
1.44 4.71297 4.75867 4.66726
1.52 4.69932 4.7456 4.65304
1.6 4.68567 4.73252 4.63881
1.68 4.67202 4.71944 4.62459
1.76 4.65837 4.70636 4.61037
1.84 4.64472 4.69329 4.59615
1.92 4.63107 4.68021 4.58192
2 4.61742 4.66713 4.5677
2.08 4.60377 4.65405 4.55348
2.16 4.59012 4.64098 4.53926
2.24 4.57647 4.6279 4.52503
2.32 4.56282 4.61482 4.51081
2.4 4.54917 4.60174 4.49659
2.48 4.53552 4.58867 4.48237
2.56 4.52187 4.57559 4.46814
2.64 4.50822 4.56251 4.45392
2.72 4.49457 4.54944 4.4397
2.8 4.48092 4.53636 4.42548
2.88 4.46727 4.52328 4.41125
2.96 4.45362 4.5102 4.39703
3.04 4.43997 4.49713 4.38281
3.12 4.42632 4.48405 4.36859
3.2 4.41267 4.47097 4.35436
3.28 4.39902 4.45789 4.34014
3.36 4.38537 4.44482 4.32592
3.44 4.37172 4.43174 4.3117
3.52 4.35807 4.41866 4.29747
3.6 4.34442 4.40558 4.28325
3.68 4.33077 4.39251 4.26903
3.76 4.31712 4.37943 4.25481
3.84 4.30347 4.36635 4.24059
3.92 4.28982 4.35327 4.22636
4 4.27617 4.3402 4.21214
4.08 4.26252 4.32712 4.19792
4.16 4.24887 4.31404 4.1837
4.24 4.23522 4.30096 4.16947
4.32 4.22157 4.28789 4.15525
4.4 4.20792 4.27481 4.14103
4.48 4.19427 4.26173 4.12681
4.56 4.18062 4.24866 4.11258
4.64 4.16697 4.23558 4.09836
4.72 4.15332 4.2225 4.08414
4.8 4.13967 4.20942 4.06992
4.88 4.12602 4.19635 4.05569
4.96 4.11237 4.18327 4.04147
5.04 4.09872 4.17019 4.02725
5.12 4.08507 4.15711 4.01303
5.2 4.07142 4.14404 3.9988
5.28 4.05777 4.13096 3.98458
5.36 4.04412 4.11788 3.97036
5.44 4.03047 4.1048 3.95614
5.52 4.01682 4.09173 3.94191
5.6 4.00317 4.07865 3.92769
5.68 3.98952 4.06557 3.91347
5.76 3.97587 4.05249 3.89925
5.84 3.96222 4.03942 3.88502
5.92 3.94857 4.02634 3.8708
6 3.93492 4.01326 3.85658
6.08 3.92127 4.00018 3.84236
6.16 3.90762 3.98711 3.82813
6.24 3.89397 3.97403 3.81391
6.32 3.88032 3.96095 3.79969
6.4 3.86667 3.94788 3.78547
6.48 3.85302 3.9348 3.77124
6.56 3.83937 3.92172 3.75702
6.64 3.82572 3.90864 3.7428
6.72 3.81207 3.89557 3.72858
6.8 3.79842 3.88249 3.71435
6.88 3.78477 3.86941 3.70013
6.96 3.77112 3.85633 3.68591
7.04 3.75747 3.84326 3.67169
7.12 3.74382 3.83018 3.65746
7.2 3.73017 3.8171 3.64324
7.28 3.71652 3.80402 3.62902
7.36 3.70287 3.79095 3.6148
7.44 3.68922 3.77787 3.60057
7.52 3.67557 3.76479 3.58635
7.6 3.66192 3.75171 3.57213
7.68 3.64827 3.73864 3.55791
7.76 3.63462 3.72556 3.54368
7.84 3.62097 3.71248 3.52946
7.92 3.60732 3.6994 3.51524
8 3.59367 3.68633 3.50102
8.08 3.58002 3.67325 3.4868
8.16 3.56637 3.66017 3.47257
8.24 3.55272 3.6471 3.45835
8.32 3.53907 3.63402 3.44413
8.4 3.52542 3.62094 3.42991
8.48 3.51177 3.60786 3.41568
8.56 3.49812 3.59479 3.40146
8.64 3.48447 3.58171 3.38724
8.72 3.47082 3.56863 3.37302
8.8 3.45717 3.55555 3.35879
8.88 3.44352 3.54248 3.34457
8.96 3.42987 3.5294 3.33035
9.04 3.41622 3.51632 3.31613
9.12 3.40257 3.50324 3.3019
9.2 3.38892 3.49017 3.28768
9.28 3.37527 3.47709 3.27346
9.36 3.36162 3.46401 3.25924
9.44 3.34797 3.45093 3.24501
9.52 3.33432 3.43786 3.23079
9.6 3.32067 3.42478 3.21657
9.68 3.30702 3.4117 3.20235
9.76 3.29337 3.39862 3.18812
9.84 3.27972 3.38555 3.1739
9.92 3.26607 3.37247 3.15968
10 3.25242 3.35939 3.14546
10.08 3.23877 3.34632 3.13123
10.16 3.22512 3.33324 3.11701
10.24 3.21147 3.32016 3.10279
10.32 3.19782 3.30708 3.08857
10.4 3.18417 3.29401 3.07434
10.48 3.17052 3.28093 3.06012
10.56 3.15687 3.26785 3.0459
10.64 3.14322 3.25477 3.03168
10.72 3.12958 3.2417 3.01745
10.8 3.11593 3.22862 3.00323
10.88 3.10228 3.21554 2.98901
10.96 3.08863 3.20246 2.97479
11.04 3.07498 3.18939 2.96056
11.12 3.06133 3.17631 2.94634
11.2 3.04768 3.16323 2.93212
11.28 3.03403 3.15015 2.9179
11.36 3.02038 3.13708 2.90367
11.44 3.00673 3.124 2.88945
11.52 2.99308 3.11092 2.87523
11.6 2.97943 3.09784 2.86101
11.68 2.96578 3.08477 2.84678
11.76 2.95213 3.07169 2.83256
11.84 2.93848 3.05861 2.81834
11.92 2.92483 3.04554 2.80412
12 2.91118 3.03246 2.78989
12.08 2.89753 3.01938 2.77567
12.16 2.88388 3.0063 2.76145
12.24 2.87023 2.99323 2.74723
12.32 2.85658 2.98015 2.73301
12.4 2.84293 2.96707 2.71878
12.48 2.82928 2.95399 2.70456
12.56 2.81563 2.94092 2.69034
12.64 2.80198 2.92784 2.67612
12.72 2.78833 2.91476 2.66189
12.8 2.77468 2.90168 2.64767
12.88 2.76103 2.88861 2.63345
12.96 2.74738 2.87553 2.61923
13.04 2.73373 2.86245 2.605
13.12 2.72008 2.84937 2.59078
13.2 2.70643 2.8363 2.57656
13.28 2.69278 2.82322 2.56234
13.36 2.67913 2.81014 2.54811
13.44 2.66548 2.79706 2.53389
13.52 2.65183 2.78399 2.51967
13.6 2.63818 2.77091 2.50545
13.68 2.62453 2.75783 2.49122
13.76 2.61088 2.74475 2.477
13.84 2.59723 2.73168 2.46278
13.92 2.58358 2.7186 2.44856
14 2.56993 2.70552 2.43433
14.08 2.55628 2.69245 2.42011
14.16 2.54263 2.67937 2.40589
14.24 2.52898 2.66629 2.39167
14.32 2.51533 2.65321 2.37744
14.4 2.50168 2.64014 2.36322
14.48 2.48803 2.62706 2.349
14.56 2.47438 2.61398 2.33478
14.64 2.46073 2.6009 2.32055
14.72 2.44708 2.58783 2.30633
14.8 2.43343 2.57475 2.29211
14.88 2.41978 2.56167 2.27789
14.96 2.40613 2.54859 2.26366
15.04 2.39248 2.53552 2.24944
15.12 2.37883 2.52244 2.23522
15.2 2.36518 2.50936 2.221
15.28 2.35153 2.49628 2.20677
15.36 2.33788 2.48321 2.19255
15.44 2.32423 2.47013 2.17833
15.52 2.31058 2.45705 2.16411
15.6 2.29693 2.44397 2.14988
15.68 2.28328 2.4309 2.13566
15.76 2.26963 2.41782 2.12144
15.84 2.25598 2.40474 2.10722
15.92 2.24233 2.39167 2.09299
16 2.22868 2.37859 2.07877
