# t x1 y1 x2 y2 x3 y3
0 0.970004 -0.243088 -0.970004 0.243088 0 0
0.01 0.974606 -0.238749 -0.965281 0.247396 -0.00932462 -0.00864663
0.03 0.983452 -0.229989 -0.955465 0.255912 -0.0279869 -0.0259234
0.0610012 0.996249 -0.216219 -0.939248 0.268813 -0.0570009 -0.0525937
0.0930403 1.00835 -0.201791 -0.921166 0.28169 -0.0871847 -0.0798993
0.124633 1.01921 -0.18741 -0.901974 0.293842 -0.117241 -0.106432
0.155564 1.02887 -0.173216 -0.881835 0.305113 -0.147033 -0.131897
0.185836 1.03742 -0.159242 -0.860805 0.315437 -0.17661 -0.156195
0.215521 1.04497 -0.145481 -0.838898 0.324774 -0.206069 -0.179293
0.244713 1.05162 -0.131908 -0.816108 0.333082 -0.235514 -0.201174
0.273504 1.05747 -0.118494 -0.792426 0.340315 -0.265041 -0.221821
0.301971 1.06257 -0.105212 -0.767857 0.346411 -0.294709 -0.241199
0.330148 1.06697 -0.0920548 -0.742441 0.3513 -0.324527 -0.259246
0.358012 1.07071 -0.0790371 -0.716284 0.354905 -0.354423 -0.275868
0.385481 1.07381 -0.0662015 -0.689566 0.35716 -0.384245 -0.290959
0.412446 1.07631 -0.0536005 -0.662512 0.35803 -0.413795 -0.30443
0.438833 1.07823 -0.0412696 -0.63533 0.357516 -0.442902 -0.316246
0.464643 1.07962 -0.0292093 -0.608153 0.355645 -0.471471 -0.326436
0.489949 1.08052 -0.0173855 -0.581034 0.352455 -0.49949 -0.335069
0.514872 1.08096 -0.00574079 -0.553961 0.34797 -0.527003 -0.342229
0.53956 1.08096 0.00579375 -0.526878 0.342199 -0.554084 -0.347993
0.564169 1.08053 0.0172916 -0.499712 0.335132 -0.580818 -0.352424
0.588858 1.07966 0.0288271 -0.472377 0.326736 -0.607283 -0.355563
0.613782 1.07834 0.0404732 -0.444786 0.316961 -0.633552 -0.357434
0.639088 1.07653 0.0522989 -0.41686 0.305742 -0.659675 -0.358041
0.664907 1.07421 0.0643645 -0.388537 0.293008 -0.685671 -0.357372
0.691331 1.07131 0.0767123 -0.359801 0.2787 -0.711511 -0.355412
0.71839 1.06779 0.0893546 -0.330697 0.262798 -0.737096 -0.352152
0.746035 1.06361 0.102265 -0.301352 0.245345 -0.762255 -0.34761
0.774153 1.05872 0.115387 -0.271941 0.226453 -0.786779 -0.34184
0.802631 1.0531 0.12866 -0.242624 0.206267 -0.81048 -0.334927
0.831405 1.04672 0.142047 -0.21348 0.184918 -0.833244 -0.326965
0.860485 1.03953 0.155539 -0.184501 0.162495 -0.855029 -0.318035
0.889931 1.03145 0.16915 -0.155608 0.139049 -0.875841 -0.308199
0.919834 1.02239 0.182899 -0.126687 0.114605 -0.895706 -0.297504
0.950286 1.01225 0.196802 -0.0976048 0.0891825 -0.914644 -0.285985
0.981359 1.0009 0.210855 -0.0682385 0.0628238 -0.932659 -0.273679
1.01307 0.988223 0.225017 -0.0385005 0.0356225 -0.949723 -0.260639
1.04533 0.974145 0.23919 -0.00837869 0.00776968 -0.965766 -0.24696
1.07794 0.958652 0.253209 0.0220281 -0.0204136 -0.98068 -0.232796
1.11055 0.941827 0.266852 0.0525224 -0.0484988 -0.994349 -0.218354
1.14282 0.923811 0.279897 0.0828921 -0.0760517 -1.0067 -0.203846
1.17452 0.904748 0.292174 0.113005 -0.10274 -1.01775 -0.189434
1.20555 0.884737 0.303575 0.142835 -0.128366 -1.02757 -0.175209
1.23591 0.863832 0.314037 0.172438 -0.152833 -1.03627 -0.161204
1.26568 0.842049 0.323516 0.201907 -0.176101 -1.04396 -0.147414
1.29493 0.819384 0.331972 0.231349 -0.198155 -1.05073 -0.133817
1.32377 0.795829 0.33936 0.260859 -0.218978 -1.05669 -0.120382
1.35228 0.771383 0.345621 0.290505 -0.238538 -1.06189 -0.107083
1.3805 0.746082 0.350685 0.320304 -0.256778 -1.06639 -0.0939072
1.40841 0.720021 0.354476 0.350197 -0.273609 -1.07022 -0.0808677
1.43594 0.693369 0.356925 0.38004 -0.288922 -1.07341 -0.0680031
1.46299 0.666349 0.357992 0.409641 -0.302625 -1.07599 -0.0553661
1.48946 0.639174 0.357671 0.438818 -0.314675 -1.07799 -0.0429961
1.51535 0.611992 0.355991 0.467466 -0.325092 -1.07946 -0.0308989
1.54072 0.584865 0.352985 0.49556 -0.33394 -1.08043 -0.0190448
1.56569 0.557787 0.348682 0.523141 -0.341303 -1.08093 -0.00737875
1.5904 0.53071 0.343093 0.550279 -0.34726 -1.08099 0.00416696
1.61501 0.503561 0.336211 0.577056 -0.351877 -1.08062 0.0156655
1.63968 0.476255 0.328006 0.603555 -0.355197 -1.07981 0.0271912
1.66456 0.448706 0.318429 0.629848 -0.357247 -1.07855 0.0388173
1.6898 0.420831 0.307418 0.655989 -0.358032 -1.07682 0.0506137
1.71554 0.392567 0.294902 0.682004 -0.357545 -1.07457 0.0626423
1.74188 0.363888 0.28082 0.70787 -0.355768 -1.07176 0.0749486
1.76885 0.33483 0.265142 0.7335 -0.352692 -1.06833 0.08755
1.79641 0.305509 0.247903 0.758732 -0.348328 -1.06424 0.100425
1.82447 0.276097 0.229205 0.783358 -0.342727 -1.05945 0.113521
1.8529 0.246759 0.209194 0.807184 -0.33597 -1.05394 0.126776
1.88164 0.217589 0.188003 0.830084 -0.328151 -1.04767 0.140148
1.91067 0.18859 0.165728 0.852008 -0.319353 -1.0406 0.153625
1.94006 0.159692 0.142425 0.872957 -0.309643 -1.03265 0.167218
1.96989 0.130782 0.11812 0.892954 -0.299067 -1.02374 0.180946
2.00026 0.101731 0.0928349 0.912022 -0.287662 -1.01375 0.194827
2.03125 0.0724114 0.0666045 0.930168 -0.275465 -1.00258 0.20886
2.06287 0.0427289 0.0395135 0.94737 -0.262524 -0.990099 0.223011
2.09506 0.0126581 0.0117364 0.963564 -0.248928 -0.976222 0.237191
2.12764 -0.0177187 -0.0164245 0.978645 -0.23482 -0.960926 0.251245
2.16027 -0.0482143 -0.0445511 0.992496 -0.220404 -0.944281 0.264955
2.19261 -0.0786122 -0.0722026 1.00504 -0.205894 -0.926425 0.278097
2.2244 -0.108765 -0.0990282 1.01627 -0.191462 -0.907503 0.29049
2.25552 -0.138634 -0.124812 1.02626 -0.177207 -0.887622 0.302019
2.28598 -0.168263 -0.149446 1.0351 -0.163171 -0.866841 0.312617
2.31582 -0.197745 -0.172885 1.04293 -0.149352 -0.845182 0.322237
2.34514 -0.227184 -0.195111 1.04983 -0.135729 -0.822642 0.33084
2.37404 -0.256679 -0.21611 1.05589 -0.122272 -0.799213 0.338382
2.40259 -0.286304 -0.235851 1.0612 -0.108955 -0.774893 0.344807
2.43085 -0.316083 -0.254283 1.06579 -0.0957622 -0.749708 0.350045
2.45881 -0.345969 -0.271319 1.06971 -0.0827017 -0.723746 0.35402
2.4864 -0.375831 -0.286853 1.073 -0.0698093 -0.697164 0.356662
2.51352 -0.405478 -0.300788 1.07566 -0.0571371 -0.670183 0.357925
2.54007 -0.434724 -0.313072 1.07774 -0.0447281 -0.643019 0.3578
2.56604 -0.463449 -0.323716 1.07928 -0.0325935 -0.615832 0.35631
2.59148 -0.491621 -0.332781 1.08032 -0.0207078 -0.588696 0.353489
2.61649 -0.519271 -0.340349 1.08088 -0.00901913 -0.561614 0.349368
2.64123 -0.546466 -0.346501 1.08101 0.00253921 -0.534541 0.343962
2.66585 -0.573289 -0.351303 1.0807 0.0140399 -0.507407 0.337264
2.6905 -0.599823 -0.354805 1.07995 0.0255573 -0.480128 0.329248
2.71534 -0.626141 -0.357033 1.07876 0.0371648 -0.452618 0.319869
2.74052 -0.652301 -0.357998 1.0771 0.0489331 -0.424794 0.309065
2.76619 -0.678334 -0.357691 1.07492 0.0609256 -0.396588 0.296766
2.79243 -0.704224 -0.356098 1.07219 0.0731909 -0.367967 0.282907
2.81931 -0.729896 -0.353205 1.06885 0.0857509 -0.338957 0.267455
2.8468 -0.755196 -0.349022 1.06486 0.0985903 -0.309664 0.250431
2.8748 -0.779921 -0.343591 1.06017 0.111659 -0.280254 0.231932
2.90318 -0.80387 -0.336992 1.05477 0.124895 -0.250898 0.212097
2.93188 -0.826906 -0.329317 1.04861 0.138251 -0.221702 0.191066
2.96087 -0.848968 -0.320654 1.04165 0.151713 -0.192681 0.168941
2.9902 -0.870054 -0.311069 1.03383 0.165288 -0.163775 0.145781
3.01997 -0.890184 -0.300613 1.02506 0.178996 -0.134875 0.121617
3.05025 -0.909382 -0.289324 1.01523 0.192855 -0.105852 0.0964683
3.08115 -0.927659 -0.277236 1.00424 0.206868 -0.0765769 0.0703678
3.11268 -0.944997 -0.264396 0.991947 0.221006 -0.0469494 0.0433905
3.1448 -0.961339 -0.250885 0.97827 0.23519 -0.0169313 0.0156952
3.17734 -0.976585 -0.236839 0.963173 0.249273 0.0134117 -0.0124347
3.20998 -0.990616 -0.222453 0.946712 0.263046 0.0439042 -0.0405938
3.24238 -1.00334 -0.207944 0.929017 0.276281 0.0743273 -0.0683367
3.27426 -1.01476 -0.193493 0.910238 0.288788 0.10452 -0.0952952
3.30548 -1.02491 -0.17921 0.890488 0.300445 0.134427 -0.121235
3.33603 -1.03392 -0.165142 0.869832 0.311177 0.164086 -0.146035
3.36595 -1.04188 -0.151293 0.848297 0.320937 0.193582 -0.169644
3.39534 -1.0489 -0.137644 0.825883 0.329687 0.223021 -0.192043
3.42429 -1.05508 -0.124166 0.80258 0.337382 0.252503 -0.213216
3.45289 -1.06049 -0.11083 0.778385 0.343969 0.282106 -0.233138
3.48119 -1.06518 -0.0976199 0.753319 0.349379 0.311864 -0.251759
3.50919 -1.0692 -0.0845391 0.727458 0.353538 0.341742 -0.268999
3.53684 -1.07257 -0.0716199 0.700952 0.356372 0.371618 -0.284752
3.56403 -1.07532 -0.0589134 0.674013 0.357831 0.401307 -0.298918
3.59067 -1.07748 -0.0464657 0.646864 0.357901 0.430619 -0.311436
3.61672 -1.0791 -0.034293 0.619674 0.356602 0.459422 -0.322309
3.64223 -1.0802 -0.0223748 0.592529 0.353967 0.487671 -0.331592
3.6673 -1.08083 -0.0106621 0.565441 0.350029 0.515391 -0.339367
3.69206 -1.08102 0.000910331 0.53837 0.344804 0.542646 -0.345714
3.71669 -1.08077 0.0124147 0.51125 0.33829 0.569516 -0.350704
3.74132 -1.08008 0.0239252 0.483997 0.330462 0.596086 -0.354388
3.76613 -1.07896 0.0355156 0.456525 0.32128 0.622431 -0.356795
3.79126 -1.07736 0.0472571 0.42875 0.310681 0.648611 -0.357938
3.81684 -1.07526 0.0592145 0.400601 0.298598 0.674661 -0.357812
3.843 -1.07261 0.0714391 0.372038 0.284963 0.700575 -0.356402
3.86979 -1.06936 0.0839574 0.343079 0.269736 0.726285 -0.353693
3.8972 -1.06547 0.0967597 0.313817 0.252931 0.751649 -0.34969
3.92513 -1.06088 0.1098 0.284412 0.234632 0.776468 -0.344432
3.95347 -1.05558 0.123015 0.25504 0.214977 0.800537 -0.337992
3.98212 -1.04953 0.136357 0.225818 0.194108 0.823707 -0.330464
4.01107 -1.04268 0.149803 0.196775 0.172132 0.845909 -0.321936
4.04035 -1.03499 0.163361 0.167859 0.149117 0.867131 -0.312478
4.07005 -1.02636 0.17705 0.138965 0.125093 0.887395 -0.302143
4.10026 -1.01669 0.190887 0.109968 0.100083 0.906724 -0.290969
4.13106 -1.00587 0.204878 0.0807353 0.0741135 0.925131 -0.278992
4.1625 -0.993767 0.219001 0.0511619 0.0472529 0.942605 -0.266254
4.19455 -0.98029 0.233186 0.0211977 0.0196452 0.959092 -0.252832
4.22704 -0.965393 0.247296 -0.00910781 -0.00844564 0.9745 -0.23885
4.25969 -0.949117 0.261127 -0.0395926 -0.0366281 0.98871 -0.224499
4.29215 -0.931588 0.27445 -0.0700375 -0.0644549 1.00163 -0.209995
4.32411 -0.912954 0.287069 -0.100268 -0.0915417 1.01322 -0.195528
4.35543 -0.893336 0.298851 -0.130215 -0.117635 1.02355 -0.181217
4.38607 -0.872806 0.309717 -0.159905 -0.1426 1.03271 -0.167117
4.41608 -0.851395 0.319618 -0.189418 -0.16638 1.04081 -0.153238
4.44554 -0.829105 0.328513 -0.218858 -0.18895 1.04796 -0.139562
4.47454 -0.805929 0.33636 -0.248329 -0.210298 1.05426 -0.126062
4.50319 -0.781859 0.343107 -0.277912 -0.230399 1.05977 -0.112708
4.53152 -0.756913 0.348688 -0.307648 -0.249208 1.06456 -0.0994801
4.55957 -0.731158 0.353029 -0.337514 -0.266649 1.06867 -0.0863797
4.58728 -0.704731 0.356054 -0.367401 -0.282619 1.07213 -0.0734347
4.61454 -0.677839 0.357709 -0.397129 -0.297014 1.07497 -0.060695
4.64126 -0.650708 0.357975 -0.426503 -0.309767 1.07721 -0.0482088
4.66739 -0.623516 0.356867 -0.455383 -0.32087 1.0789 -0.0359977
4.69297 -0.596363 0.354419 -0.48371 -0.330373 1.08007 -0.024046
4.71809 -0.569268 0.350664 -0.511502 -0.338356 1.08077 -0.0123079
4.74289 -0.542199 0.345621 -0.538818 -0.344901 1.08102 -0.000719934
4.76753 -0.51509 0.33929 -0.565737 -0.350079 1.08083 0.0107895
4.79215 -0.487861 0.33165 -0.592345 -0.353945 1.08021 0.0222947
4.81693 -0.460425 0.322662 -0.618717 -0.356532 1.07914 0.0338694
4.842 -0.432698 0.312268 -0.644918 -0.357854 1.07762 0.0455854
4.86751 -0.404605 0.300399 -0.670985 -0.357908 1.07559 0.0575087
4.89359 -0.376102 0.286987 -0.696921 -0.35668 1.07302 0.0696932
4.92029 -0.347195 0.271986 -0.722667 -0.354155 1.06986 0.0821697
4.94761 -0.317967 0.2554 -0.748092 -0.350334 1.06606 0.0949339
4.97548 -0.288571 0.237305 -0.773001 -0.345249 1.06157 0.107944
5.00376 -0.259185 0.217833 -0.797186 -0.338971 1.05637 0.121138
5.03237 -0.229938 0.197127 -0.820489 -0.331591 1.05043 0.134464
5.06128 -0.200872 0.175304 -0.84283 -0.323199 1.0437 0.147896
5.0905 -0.171943 0.152432 -0.86419 -0.313869 1.03613 0.161437
5.12014 -0.143054 0.12855 -0.884587 -0.303656 1.02764 0.175106
5.15027 -0.114079 0.103678 -0.904047 -0.292598 1.01813 0.188921
5.18098 -0.0848868 0.0778412 -0.922585 -0.280732 1.00747 0.202891
5.21234 -0.0553663 0.0511002 -0.940193 -0.268099 0.995559 0.216999
5.2443 -0.0254571 0.0235852 -0.956824 -0.254767 0.982281 0.231182
5.27675 0.00480761 -0.00445849 -0.972392 -0.240854 0.967584 0.245313
5.3094 0.0352801 -0.0326551 -0.986778 -0.226542 0.951498 0.259197
5.3419 0.0657432 -0.0605581 -0.99988 -0.212047 0.934137 0.272605
5.37395 0.0960111 -0.0877682 -1.01166 -0.197565 0.91565 0.285334
5.40536 0.125999 -0.114012 -1.02216 -0.183228 0.896166 0.29724
5.4361 0.15572 -0.139142 -1.03148 -0.169097 0.875763 0.308239
5.46619 0.185252 -0.163091 -1.03973 -0.155187 0.854475 0.318278
5.49572 0.214696 -0.185833 -1.04701 -0.141485 0.83231 0.327318
5.52478 0.244157 -0.207355 -1.05342 -0.127961 0.80926 0.335316
5.55347 0.27372 -0.227634 -1.05904 -0.114588 0.785316 0.342222
5.58185 0.303435 -0.24663 -1.06393 -0.101343 0.760491 0.347973
5.60995 0.333287 -0.26427 -1.06813 -0.0882233 0.734844 0.352493
5.6377 0.36318 -0.280455 -1.07168 -0.0752537 0.708501 0.355708
5.66504 0.392943 -0.295078 -1.0746 -0.0624816 0.681661 0.35756
5.69184 0.422378 -0.308064 -1.07693 -0.0499575 0.654551 0.358022
5.71805 0.451333 -0.319399 -1.07869 -0.0377076 0.62736 0.357106
5.7437 0.479739 -0.329124 -1.07994 -0.0257214 0.600198 0.354846
5.76888 0.507603 -0.337317 -1.0807 -0.0139567 0.573096 0.351273
5.79372 0.534982 -0.34406 -1.08101 -0.00235177 0.546026 0.346412
5.81837 0.561952 -0.349428 -1.08088 0.00916433 0.518928 0.340263
5.84299 0.588599 -0.353476 -1.08032 0.0206656 0.491721 0.332811
5.86773 0.615001 -0.356243 -1.07932 0.032226 0.46432 0.324017
5.89275 0.641222 -0.357743 -1.07786 0.0439179 0.436639 0.313826
5.91819 0.667308 -0.357978 -1.07591 0.0558082 0.408601 0.302169
5.94418 0.693264 -0.356932 -1.07342 0.0679533 0.380157 0.288979
5.97079 0.719043 -0.354591 -1.07035 0.0803878 0.351304 0.274203
5.99803 0.744523 -0.350952 -1.06664 0.0931131 0.322113 0.257839
6.02583 0.769518 -0.346042 -1.06225 0.106092 0.29273 0.23995
6.05406 0.793818 -0.339928 -1.05715 0.119264 0.263333 0.220664
6.08263 0.817252 -0.332698 -1.05131 0.132573 0.234062 0.200125
6.11149 0.839731 -0.324444 -1.0447 0.145991 0.204971 0.178454
6.14067 0.861229 -0.315243 -1.03726 0.159516 0.176028 0.155728
6.17024 0.881761 -0.305152 -1.0289 0.173165 0.14714 0.131987
6.20029 0.901352 -0.294212 -1.01954 0.186958 0.118185 0.107253
6.23092 0.92002 -0.282458 -1.00905 0.200907 0.0890316 0.0815508
6.26218 0.937761 -0.269929 -0.997324 0.214998 0.0595629 0.0549319
6.29407 0.954535 -0.25669 -0.984244 0.229176 0.0297092 0.0275144
6.32591 0.970004 -0.243088 -0.970004 0.243087 1.0208e-07 9.31925e-08
