0 10 5
0.00948491 9.65817 5.33467
0.0187643 9.30627 5.66547
0.0285005 8.92128 6.01302
0.0389036 8.49579 6.381
0.0501875 8.02275 6.7712
0.0623515 7.50586 7.17523
0.073837 7.01754 7.53516
0.0846115 6.56447 7.84926
0.095336 6.12279 8.13575
0.105554 5.7141 8.38191
0.115345 5.33617 8.59162
0.124829 4.98475 8.76939
0.134108 4.65631 8.91867
0.14326 4.34813 9.04202
0.152349 4.05813 9.14133
0.161431 3.78468 9.21804
0.170553 3.52645 9.27321
0.179758 3.28237 9.30767
0.189087 3.05151 9.32206
0.198583 2.83311 9.31684
0.208284 2.62648 9.29232
0.218236 2.43099 9.24872
0.228484 2.2461 9.18611
0.23908 2.07129 9.10446
0.250082 1.90608 9.00359
0.261558 1.75 8.88318
0.273585 1.60263 8.74273
0.28626 1.46354 8.58154
0.299696 1.33232 8.39864
0.314031 1.20864 8.19283
0.329418 1.09228 7.96278
0.346001 0.983348 7.70769
0.363808 0.882624 7.42898
0.382613 0.791707 7.13273
0.401982 0.711972 6.82866
0.421577 0.643297 6.52475
0.441295 0.584349 6.22477
0.461173 0.533536 5.92987
0.481287 0.489484 5.6403
0.501706 0.451117 5.35629
0.522479 0.417601 5.07825
0.543635 0.388277 4.80673
0.565181 0.362615 4.54242
0.587113 0.340172 4.28605
0.609411 0.320574 4.03834
0.632049 0.303498 3.79991
0.654996 0.288659 3.57129
0.678223 0.275806 3.3528
0.7017 0.264718 3.14466
0.725404 0.255201 2.9469
0.749313 0.247082 2.75944
0.773413 0.240213 2.58208
0.797693 0.234466 2.41457
0.822144 0.229729 2.25655
0.846764 0.225908 2.10768
0.871551 0.222922 1.96754
0.896509 0.220703 1.83574
0.92164 0.219193 1.71186
0.946951 0.218346 1.59549
0.972451 0.218122 1.48623
0.998149 0.21849 1.3837
1.02406 0.219426 1.28751
1.05019 0.220911 1.1973
1.07655 0.222933 1.11273
1.10317 0.225484 1.03348
1.13006 0.228561 0.959224
1.15724 0.232167 0.889674
1.18472 0.236308 0.82455
1.21254 0.240997 0.76359
1.24071 0.246249 0.706543
1.26926 0.252085 0.653175
1.29822 0.258533 0.603266
1.32762 0.265625 0.556607
1.35749 0.273399 0.513002
1.38788 0.2819 0.472267
1.41883 0.291184 0.434228
1.45038 0.301313 0.398722
1.48259 0.312361 0.365595
1.51551 0.324414 0.334704
1.54921 0.337573 0.305912
1.58376 0.351958 0.279095
1.61925 0.367709 0.254132
1.65577 0.384991 0.230912
1.69342 0.404003 0.209332
1.73234 0.424982 0.189293
1.77266 0.448217 0.170704
1.81456 0.474063 0.153478
1.85824 0.502961 0.13753
1.90396 0.535473 0.122782
1.95205 0.572328 0.109155
2.00293 0.6145 0.0965735
2.05718 0.663324 0.084962
2.11552 0.720647 0.0742554
2.17867 0.788788 0.0644375
2.24596 0.869056 0.0556759
2.3137 0.958621 0.0483365
2.37878 1.05381 0.0424525
2.44095 1.15393 0.0377301
2.50088 1.25977 0.0338838
2.55917 1.3723 0.0307142
2.61622 1.49239 0.0280856
2.67226 1.62082 0.0259018
2.72749 1.75838 0.0240923
2.78202 1.90583 0.0226045
2.83595 2.06397 0.0213991
2.88935 2.23359 0.0204469
2.94227 2.41556 0.0197277
2.99475 2.61073 0.0192288
3.04681 2.81998 0.0189446
3.09846 3.04418 0.0188769
3.1497 3.28417 0.0190349
3.20049 3.54073 0.0194363
3.2508 3.81448 0.0201086
3.30056 4.10585 0.0210907
3.34966 4.41496 0.0224351
3.39798 4.7415 0.0242107
3.44536 5.08465 0.0265054
3.49162 5.44298 0.0294291
3.53657 5.81447 0.0331173
3.58003 6.19663 0.0377353
3.62186 6.58674 0.0434841
3.66199 6.98219 0.0506111
3.7004 7.38079 0.0594269
3.73719 7.781 0.0703312
3.77251 8.18208 0.0838556
3.80658 8.58425 0.100735
3.83975 8.98895 0.122042
3.87248 9.39961 0.149467
3.90555 9.82332 0.185995
3.94022 10.2725 0.237471
3.96417 10.5822 0.283716
3.98473 10.8449 0.332468
4.00297 11.0732 0.384409
4.01959 11.2753 0.440363
4.03497 11.4554 0.50082
4.04933 11.6156 0.566144
4.06284 11.7576 0.636651
4.07626 11.8884 0.716687
4.08839 11.9961 0.798823
4.10045 12.0914 0.890875
4.11202 12.17 0.990149
4.1231 12.2318 1.09635
4.13372 12.2772 1.20965
4.14395 12.3062 1.33028
4.15383 12.3192 1.45849
4.1634 12.3162 1.59452
4.17269 12.2972 1.7386
4.18174 12.2624 1.89099
4.19058 12.2115 2.0519
4.19924 12.1445 2.22159
4.20774 12.0612 2.40028
4.2161 11.9614 2.58822
4.22436 11.8448 2.78567
4.23253 11.7112 2.99288
4.24064 11.5601 3.21015
4.24872 11.391 3.43777
4.2568 11.2034 3.67611
4.2649 10.9965 3.92554
4.27307 10.7695 4.18654
4.28133 10.5212 4.45965
4.28974 10.2502 4.74556
4.29836 9.95473 5.04514
4.30726 9.63224 5.3595
4.31653 9.27948 5.69013
4.3263 8.89187 6.03899
4.33676 8.46316 6.40855
4.34812 7.98651 6.80029
4.36032 7.4676 7.20421
4.37175 6.98195 7.56053
4.38248 6.53146 7.87137
4.39316 6.09254 8.15462
4.40334 5.68624 8.39798
4.4131 5.31034 8.60528
4.42257 4.96067 8.78091
4.43184 4.63374 8.92827
4.44098 4.32692 9.04986
4.45007 4.03815 9.14752
4.45915 3.76582 9.22266
4.46828 3.50863 9.27633
4.47749 3.26552 9.30935
4.48683 3.03558 9.32234
4.49634 2.81804 9.31573
4.50606 2.61221 9.28985
4.51603 2.4175 9.2449
4.5263 2.23334 9.18094
4.53692 2.05923 9.09792
4.54796 1.89468 8.99567
4.55947 1.73924 8.87386
4.57154 1.59247 8.73196
4.58426 1.45395 8.56926
4.59776 1.32328 8.38478
4.61216 1.20013 8.17728
4.62763 1.08429 7.94547
4.6443 0.975898 7.68861
4.66219 0.875812 7.40838
4.68105 0.785658 7.11124
4.70044 0.706734 6.80697
4.72005 0.638802 6.50326
4.73978 0.580484 6.20363
4.75967 0.530193 5.90909
4.7798 0.486578 5.61991
4.80025 0.448582 5.33632
4.82104 0.415384 5.05872
4.84223 0.386337 4.78768
4.8638 0.360917 4.52391
4.88576 0.338688 4.26814
4.90808 0.31928 4.02106
4.93074 0.302371 3.78332
4.95371 0.287682 3.55541
4.97696 0.274961 3.33766
5.00045 0.263992 3.13025
5.02417 0.254579 2.93323
5.0481 0.246554 2.74649
5.07221 0.239769 2.56985
5.0965 0.234097 2.40302
5.12096 0.229428 2.24567
5.1456 0.225669 2.09742
5.17039 0.222739 1.95789
5.19536 0.220572 1.82667
5.22051 0.219112 1.70334
5.24583 0.21831 1.58749
5.27135 0.218129 1.47872
5.29706 0.218539 1.37665
5.32298 0.219514 1.2809
5.34913 0.221038 1.1911
5.37551 0.223097 1.10692
5.40215 0.225685 1.02804
5.42906 0.2288 0.954125
5.45626 0.232444 0.884899
5.48376 0.236624 0.82008
5.5116 0.241352 0.759406
5.5398 0.246644 0.702628
5.56838 0.252523 0.649513
5.59737 0.259016 0.599842
5.6268 0.266155 0.553407
5.65671 0.273979 0.510012
5.68714 0.282534 0.469474
5.71813 0.291876 0.431621
5.74972 0.302068 0.396289
5.78198 0.313184 0.363326
5.81495 0.325312 0.332588
5.84871 0.338554 0.303941
5.88333 0.353032 0.277259
5.91888 0.368885 0.252424
5.95548 0.386283 0.229324
5.99322 0.405427 0.207857
6.03223 0.426556 0.187924
6.07266 0.449964 0.169435
6.11468 0.476012 0.152302
6.15849 0.505146 0.136442
6.20437 0.537941 0.121777
6.25264 0.575139 0.108227
6.30374 0.617734 0.0957165
6.35825 0.667095 0.0841713
6.41693 0.725108 0.0735273
6.48042 0.794101 0.0637755
6.5479 0.875176 0.0551033
6.61551 0.96523 0.0478726
6.68036 1.06076 0.0420821
6.74235 1.16126 0.0374304
6.80215 1.26755 0.0336379
6.86034 1.38059 0.0305107
6.91731 1.50124 0.0279165
6.97329 1.6303 0.0257614
7.02846 1.76853 0.0239764
7.08295 1.91672 0.0225099
7.13684 2.07564 0.0213233
7.1902 2.24612 0.0203883
7.24309 2.429 0.0196851
7.29554 2.62514 0.0192015
7.34757 2.83542 0.0189326
7.39919 3.06072 0.0188805
7.4504 3.30187 0.0190551
7.50116 3.55963 0.0194748
7.55144 3.83462 0.0201677
7.60115 4.12725 0.0211736
7.6502 4.43761 0.0225463
7.69846 4.76537 0.0243556
7.74576 5.10966 0.0266911
7.79194 5.469 0.0296644
7.83679 5.84133 0.0334129
7.88014 6.22414 0.0381042
7.92185 6.61472 0.0439422
7.96185 7.01046 0.0511783
8.00015 7.40922 0.0601281
8.03682 7.80951 0.0711993
8.07204 8.21064 0.084935
8.10604 8.61292 0.102089
8.13916 9.01791 0.123765
8.17188 9.4292 0.151717
8.20502 9.85426 0.189069
8.23984 10.3054 0.241917
8.26331 10.6088 0.288199
8.28359 10.8675 0.337174
8.30166 11.0931 0.389461
8.31815 11.2931 0.445818
8.33343 11.4712 0.506715
8.3477 11.6297 0.572511
8.36114 11.77 0.643518
8.37449 11.8991 0.724074
8.38657 12.0053 0.80676
8.39857 12.099 0.899384
8.41009 12.1762 0.99925
8.42112 12.2365 1.10607
8.43171 12.2804 1.22
8.44191 12.308 1.34129
8.45176 12.3195 1.47018
8.4613 12.3151 1.60691
8.47057 12.2948 1.75172
8.47961 12.2585 1.90485
8.48843 12.2062 2.06653
8.49707 12.1378 2.237
8.50555 12.053 2.4165
8.51391 11.9518 2.60527
8.52216 11.8337 2.80357
8.53032 11.6986 3.01166
8.53843 11.5459 3.22983
8.54651 11.3752 3.45838
8.55459 11.1859 3.69768
8.5627 10.9773 3.94811
8.57087 10.7485 4.21016
8.57914 10.4982 4.48437
8.58757 10.2252 4.77145
8.59621 9.92738 5.07229
8.60513 9.60237 5.38802
8.61444 9.24673 5.72016
8.62427 8.85577 6.07075
8.6348 8.42308 6.44225
8.64624 7.94205 6.83582
8.65849 7.42104 7.23929
8.66985 6.93869 7.59123
8.68052 6.4913 7.89811
8.69114 6.05573 8.17744
8.70128 5.65233 8.41742
8.71101 5.27888 8.62179
8.72046 4.93131 8.79484
8.72971 4.60624 8.93986
8.73885 4.30107 9.0593
8.74793 4.01379 9.15495
8.75702 3.74282 9.22818
8.76615 3.4869 9.28002
8.77537 3.24497 9.31128
8.78473 3.01614 9.32253
8.79425 2.79964 9.31424
8.80399 2.59481 9.28669
8.81398 2.40104 9.24008
8.82428 2.21777 9.17446
8.83494 2.04451 9.08978
8.84601 1.88078 8.98584
8.85757 1.72611 8.8623
8.86969 1.58008 8.71862
8.88248 1.44225 8.55407
8.89605 1.31225 8.36763
8.91054 1.18974 8.15807
8.92611 1.07454 7.92408
8.94289 0.966827 7.66506
8.96088 0.867535 7.38303
8.9798 0.778325 7.08487
8.99922 0.700392 6.78041
9.01884 0.633361 6.47696
9.03858 0.575804 6.17775
9.05849 0.526144 5.88368
9.07864 0.483057 5.59497
9.09912 0.445508 5.31188
9.11995 0.412696 5.03483
9.14117 0.383984 4.7644
9.16278 0.358858 4.5013
9.18477 0.336889 4.24625
9.20712 0.317711 3.99997
9.22981 0.301007 3.76307
9.2528 0.286498 3.53602
9.27607 0.273939 3.31917
9.29959 0.263112 3.11267
9.32332 0.253826 2.91655
9.34726 0.245915 2.7307
9.37139 0.239232 2.55492
9.3957 0.233651 2.38893
9.42018 0.229066 2.23239
9.44482 0.225382 2.08492
9.46964 0.222521 1.94614
9.49462 0.220418 1.81561
9.51978 0.219016 1.69295
9.54512 0.21827 1.57773
9.57065 0.218142 1.46957
9.59638 0.218601 1.36806
9.62233 0.219625 1.27284
9.64849 0.221196 1.18355
9.6749 0.223302 1.09984
9.70156 0.225936 1.0214
9.72849 0.229096 0.94791
9.75571 0.232786 0.879079
9.78325 0.237014 0.814632
9.81112 0.24179 0.754306
9.83935 0.247133 0.697857
9.86796 0.253064 0.645051
9.89699 0.259612 0.59567
9.92646 0.266809 0.549507
9.95642 0.274694 0.506368
9.98689 0.283316 0.466071
10.0179 0.292729 0.428444
10.0496 0.302998 0.393324
10.0819 0.314199 0.360561
10.1149 0.32642 0.33001
10.1488 0.339765 0.30154
10.1835 0.354356 0.275023
10.2191 0.370337 0.250343
10.2558 0.387879 0.22739
10.2936 0.407185 0.20606
10.3328 0.428501 0.186257
10.3733 0.452123 0.167889
10.4155 0.47842 0.15087
10.4595 0.507849 0.135118
10.5056 0.540995 0.120553
10.554 0.578619 0.107096
10.6054 0.621743 0.0946731
10.6603 0.671774 0.0832086
10.7193 0.73065 0.0726413
10.7833 0.800698 0.0629718
10.8509 0.882736 0.0544121
10.9184 0.973362 0.0473143
10.9829 1.06931 0.0416361
11.0447 1.17027 0.037069
11.1044 1.27712 0.0333411
11.1624 1.39079 0.030265
11.2193 1.51214 0.0277124
11.2752 1.64197 0.025592
11.3303 1.78104 0.0238365
11.3847 1.93013 0.0223958
11.4386 2.09003 0.0212321
11.4919 2.26155 0.020318
11.5448 2.44555 0.0196343
11.5972 2.64289 0.0191696
11.6492 2.85445 0.0189193
11.7007 3.08109 0.0188865
11.7519 3.32366 0.0190816
11.8026 3.5829 0.0195238
11.8529 3.85941 0.0202422
11.9025 4.15359 0.0212778
11.9515 4.46549 0.0226854
11.9997 4.79473 0.0245368
12.0469 5.1404 0.0269231
12.093 5.50096 0.029958
12.1377 5.87431 0.0337816
12.1809 6.25791 0.038564
12.2225 6.64903 0.0445131
12.2623 7.04511 0.0518849
12.3005 7.44406 0.0610018
12.337 7.84443 0.0722812
12.3721 8.24564 0.0862809
12.406 8.64807 0.103778
12.4391 9.05343 0.125919
12.4718 9.46554 0.154537
12.505 9.89237 0.192939
12.5383 10.3231 0.244332
12.5614 10.6214 0.290361
12.5815 10.8782 0.33942
12.5995 11.1025 0.391873
12.6159 11.3014 0.448423
12.6312 11.4786 0.50953
12.6454 11.6363 0.57555
12.6588 11.7759 0.646796
12.6721 11.9041 0.7276
12.6842 12.0096 0.810548
12.6961 12.1026 0.903444
12.7076 12.179 1.00359
12.7187 12.2387 1.1107
12.7292 12.2819 1.22494
12.7394 12.3088 1.34655
12.7492 12.3197 1.47576
12.7588 12.3146 1.61282
12.768 12.2936 1.75798
12.7771 12.2566 1.91146
12.7859 12.2036 2.0735
12.7945 12.1345 2.24435
12.803 12.0491 2.42423
12.8113 11.9471 2.6134
12.8196 11.8284 2.8121
12.8277 11.6925 3.0206
12.8358 11.5391 3.2392
12.8439 11.3677 3.4682
12.852 11.1776 3.70796
12.8601 10.9681 3.95887
12.8683 10.7384 4.22141
12.8766 10.4873 4.49615
12.885 10.2132 4.78379
12.8937 9.91431 5.08522
12.9026 9.58809 5.40161
12.9119 9.23108 5.73448
12.9218 8.83851 6.08589
12.9323 8.4039 6.45833
12.9438 7.9208 6.85273
12.9561 7.39896 7.25586
12.9674 6.91817 7.60572
12.9781 6.47226 7.91074
12.9886 6.03826 8.18822
12.9988 5.63622 8.4266
13.0085 5.26394 8.62958
13.0179 4.91737 8.80141
13.0272 4.59317 8.94533
13.0363 4.28877 9.06374
13.0454 4.0022 9.15843
13.0545 3.73189 9.23075
13.0636 3.47657 9.28173
13.0728 3.2352 9.31214
13.0822 3.00689 9.32258
13.0917 2.7909 9.31347
13.1015 2.58653 9.28513
13.1115 2.39321 9.23773
13.1218 2.21037 9.17132
13.1325 2.03752 9.08584
13.1436 1.87417 8.9811
13.1551 1.71987 8.85673
13.1673 1.57418 8.7122
13.1801 1.43669 8.54676
13.1937 1.30701 8.35938
13.2082 1.18481 8.14883
13.2239 1.06991 7.91381
13.2407 0.96252 7.65376
13.2587 0.863611 7.37089
13.2777 0.774856 7.07227
13.2971 0.697395 6.76773
13.3167 0.63079 6.46442
13.3365 0.573592 6.16542
13.3564 0.524229 5.87156
13.3766 0.481391 5.58308
13.397 0.444054 5.30023
13.4179 0.411424 5.02344
13.4391 0.382871 4.75331
13.4608 0.357885 4.49052
13.4828 0.336038 4.23583
13.5051 0.316969 3.98993
13.5278 0.300362 3.75342
13.5508 0.285938 3.5268
13.5741 0.273455 3.31038
13.5976 0.262696 3.10431
13.6214 0.253471 2.90862
13.6453 0.245613 2.72319
13.6695 0.238979 2.54783
13.6938 0.233442 2.38224
13.7183 0.228895 2.22608
13.7429 0.225247 2.07898
13.7677 0.222419 1.94055
13.7927 0.220346 1.81036
13.8179 0.218972 1.68801
13.8433 0.218252 1.5731
13.8688 0.218149 1.46521
13.8945 0.218633 1.36398
13.9205 0.21968 1.26901
13.9467 0.221273 1.17996
13.9731 0.223401 1.09648
13.9997 0.226057 1.01825
14.0267 0.229239 0.944957
14.0539 0.232951 0.876313
14.0815 0.237201 0.812042
14.1094 0.242001 0.751883
14.1376 0.247368 0.69559
14.1662 0.253324 0.642931
14.1953 0.259898 0.593687
14.2248 0.267122 0.547654
14.2547 0.275038 0.504637
14.2852 0.283691 0.464454
14.3163 0.293139 0.426934
14.348 0.303445 0.391916
14.3803 0.314686 0.359247
14.4134 0.326952 0.328786
14.4473 0.340346 0.300399
14.482 0.354992 0.273961
14.5177 0.371034 0.249355
14.5544 0.388645 0.226471
14.5923 0.40803 0.205207
14.6315 0.429435 0.185465
14.6721 0.453161 0.167155
14.7144 0.479578 0.150191
14.7584 0.509149 0.134489
14.8046 0.542464 0.119971
14.8532 0.580295 0.10656
14.9047 0.623675 0.0941777
14.9597 0.674031 0.0827516
15.019 0.733324 0.0722208
15.0831 0.803879 0.0625911
15.1508 0.886367 0.0540863
15.2182 0.977256 0.0470517
15.2826 1.0734 0.0414262
15.3443 1.17459 0.0368988
15.4039 1.2817 0.0332013
15.4619 1.39567 0.0301492
15.5187 1.51736 0.0276161
15.5746 1.64756 0.0255121
15.6297 1.78703 0.0237706
15.6841 1.93656 0.0223421
15.7379 2.09692 0.0211893
15.7912 2.26895 0.0202851
15.844 2.45348 0.0196107
15.8964 2.6514 0.0191549
15.9484 2.86356 0.0189136
16 3.09086 0.01889
16.0511 3.3341 0.0190949
16.1018 3.59405 0.0195479
16.152 3.87129 0.0202786
16.2016 4.16621 0.0213285
16.2506 4.47884 0.022753
16.2988 4.80879 0.0246247
16.3459 5.15511 0.0270355
16.3919 5.51625 0.0301003
16.4366 5.89008 0.0339601
16.4797 6.27405 0.0387866
16.5212 6.66542 0.0447894
16.561 7.06166 0.0522267
16.5991 7.46069 0.0614245
16.6356 7.8611 0.0728047
16.6706 8.26235 0.0869325
16.7045 8.66485 0.104597
16.7375 9.07039 0.126964
16.7703 9.48292 0.155908
16.8035 9.91063 0.194828
16.8365 10.3379 0.246389
16.8594 10.6333 0.292415
16.8794 10.8883 0.341584
16.8973 11.1115 0.394198
16.9137 11.3094 0.450935
16.9289 11.4857 0.512245
16.9431 11.6426 0.578482
16.9564 11.7814 0.649958
16.9697 11.9089 0.731
16.9817 12.0137 0.814201
16.9937 12.106 0.907359
17.0052 12.1817 1.00778
17.0162 12.2407 1.11517
17.0267 12.2833 1.2297
17.0369 12.3095 1.35161
17.0467 12.3198 1.48113
17.0562 12.3141 1.61852
17.0655 12.2924 1.764
17.0745 12.2548 1.91783
17.0833 12.2012 2.08022
17.0919 12.1314 2.25143
17.1004 12.0453 2.43168
17.1087 11.9427 2.62122
17.117 11.8232 2.82032
17.1251 11.6867 3.02922
17.1332 11.5325 3.24823
17.1413 11.3604 3.47766
17.1494 11.1695 3.71786
17.1575 10.9593 3.96923
17.1657 10.7287 4.23225
17.174 10.4767 4.50749
17.1824 10.2016 4.79567
17.1911 9.9017 5.09768
17.2 9.57432 5.4147
17.2094 9.21597 5.74828
17.2193 8.82184 6.10049
17.2299 8.38539 6.47382
17.2414 7.90031 6.86902
17.2537 7.37774 7.27174
17.2649 6.89847 7.6196
17.2756 6.45396 7.92283
17.2861 6.02148 8.19854
17.2962 5.62075 8.43539
17.3059 5.24957 8.63705
17.3154 4.90396 8.8077
17.3246 4.5806 8.95055
17.3337 4.27695 9.06798
17.3428 3.99106 9.16176
17.3519 3.72137 9.2332
17.361 3.46663 9.28334
17.3703 3.2258 9.31294
17.3796 2.998 9.32258
17.3892 2.78248 9.31271
17.3989 2.57857 9.2836
17.409 2.38568 9.23543
17.4193 2.20325 9.16826
17.43 2.03079 9.08202
17.4411 1.86781 8.97649
17.4527 1.71386 8.85133
17.4649 1.56852 8.70598
17.4777 1.43135 8.53967
17.4913 1.30197 8.3514
17.5059 1.18006 8.13989
17.5216 1.06545 7.90386
17.5385 0.958382 7.64283
17.5565 0.859846 7.35915
17.5755 0.771531 7.06011
17.595 0.694523 6.75551
17.6146 0.628327 6.45234
17.6343 0.571471 6.15353
17.6543 0.522394 5.85989
17.6745 0.479794 5.57163
17.695 0.44266 5.28902
17.7158 0.410204 5.01248
17.7371 0.381804 4.74262
17.7587 0.356951 4.48015
17.7807 0.335223 4.22579
17.8031 0.316258 3.98026
17.8258 0.299743 3.74414
17.8488 0.285402 3.51793
17.8721 0.272992 3.30191
17.8957 0.262298 3.09626
17.9194 0.253131 2.90099
17.9434 0.245325 2.71597
17.9675 0.238736 2.541
17.9918 0.233241 2.3758
18.0163 0.228732 2.22001
18.041 0.225118 2.07327
18.0658 0.222322 1.93517
18.0908 0.220278 1.80531
18.116 0.218931 1.68327
18.1413 0.218237 1.56864
18.1669 0.218158 1.46103
18.1926 0.218664 1.36005
18.2186 0.219733 1.26533
18.2448 0.221348 1.17651
18.2712 0.223497 1.09324
18.2979 0.226174 1.01522
18.3249 0.229378 0.942117
18.3521 0.233111 0.873654
18.3797 0.237383 0.809553
18.4076 0.242205 0.749553
18.4358 0.247595 0.69341
18.4645 0.253576 0.640892
18.4935 0.260175 0.591781
18.523 0.267426 0.545872
18.553 0.27537 0.502973
18.5836 0.284055 0.4629
18.6146 0.293535 0.425483
18.6463 0.303877 0.390562
18.6787 0.315158 0.357984
18.7118 0.327466 0.327609
18.7457 0.340908 0.299302
18.7805 0.355607 0.27294
18.8162 0.371709 0.248405
18.853 0.389387 0.225588
18.8909 0.408847 0.204387
18.9302 0.430339 0.184704
18.9709 0.454166 0.16645
19.0132 0.4807 0.149537
19.0573 0.510408 0.133885
19.1036 0.543888 0.119413
19.1523 0.581919 0.106044
19.2039 0.625549 0.0937016
19.2591 0.676221 0.0823125
19.3185 0.735922 0.0718168
19.3828 0.806967 0.0622258
19.4506 0.889881 0.0537746
19.5179 0.981019 0.0468009
19.5822 1.07736 0.0412256
19.6438 1.17877 0.0367361
19.7033 1.28613 0.0330675
19.7613 1.4004 0.0300383
19.818 1.52242 0.027524
19.8739 1.65297 0.0254357
19.9289 1.79283 0.0237076
19.9833 1.94277 0.0222908
20 1.9913 0.0219096
