# phi u x y
0 1 1 0
0.05 0.97501 1.02435 0.0512601
0.127893 0.936228 1.05939 0.136233
0.20902 0.89625 1.09148 0.231521
0.290168 0.856943 1.11816 0.333876
0.371001 0.818726 1.13831 0.44282
0.451475 0.781853 1.15086 0.558025
0.531581 0.746552 1.15465 0.678984
0.61131 0.71303 1.14848 0.804932
0.690658 0.681478 1.13111 0.934798
0.769623 0.652068 1.10138 1.06717
0.848206 0.624952 1.05821 1.20024
0.926412 0.600265 1.00073 1.33186
1.00425 0.57812 0.928391 1.45949
1.08173 0.558613 0.841009 1.58029
1.15888 0.541822 0.738921 1.69125
1.23572 0.527807 0.623026 1.78927
1.31229 0.516613 0.494827 1.87137
1.38863 0.508273 0.356424 1.93489
1.46478 0.502807 0.210446 1.97767
1.54081 0.500225 0.0599311 1.9982
1.61678 0.500528 -0.0918323 1.99578
1.69274 0.503713 -0.241493 1.97051
1.76877 0.509766 -0.385828 1.92337
1.84492 0.518669 -0.521923 1.85602
1.92126 0.530392 -0.647312 1.77079
1.99782 0.544899 -0.760074 1.67041
2.07465 0.562137 -0.85888 1.55785
2.1518 0.582043 -0.942988 1.43617
2.22927 0.604536 -1.0122 1.30832
2.30709 0.629519 -1.06676 1.17703
2.38528 0.656878 -1.10732 1.0447
2.46384 0.68648 -1.13476 0.913414
2.54279 0.718172 -1.15016 0.784847
2.62211 0.751785 -1.15469 0.660334
2.70182 0.787131 -1.14955 0.540873
2.78189 0.824003 -1.13592 0.427174
2.86234 0.862181 -1.11492 0.319699
2.94315 0.901426 -1.08758 0.218706
3.0243 0.941489 -1.05485 0.124294
3.1058 0.982107 -1.01757 0.0364377
3.18762 1.02301 -0.976475 -0.0449801
3.26976 1.06391 -0.932219 -0.120142
3.3522 1.10453 -0.885357 -0.189274
3.43493 1.14458 -0.836365 -0.252628
3.51793 1.18376 -0.785645 -0.310468
3.60119 1.22179 -0.733537 -0.363063
3.68469 1.2584 -0.680321 -0.410674
3.76841 1.29329 -0.626231 -0.453552
3.85235 1.3262 -0.571459 -0.491935
3.93647 1.35689 -0.516161 -0.52604
4.02077 1.38511 -0.46046 -0.556068
4.10522 1.41063 -0.404458 -0.582198
4.18982 1.43327 -0.348231 -0.604589
4.27454 1.45283 -0.291841 -0.623379
4.35936 1.46916 -0.235333 -0.638682
4.44427 1.48214 -0.178743 -0.650595
4.52924 1.49164 -0.122096 -0.659192
4.61427 1.4976 -0.0654123 -0.664526
4.69933 1.49996 -0.00870628 -0.666629
4.7844 1.4987 0.048009 -0.665514
4.86947 1.49384 0.104721 -0.661172
4.95452 1.48541 0.161416 -0.653575
5.03952 1.47348 0.218075 -0.642672
5.12447 1.45814 0.274675 -0.628394
5.20934 1.43952 0.331184 -0.610648
5.29411 1.41776 0.387559 -0.589322
5.37877 1.39303 0.443744 -0.564281
5.4633 1.36553 0.499665 -0.53537
5.54769 1.33548 0.555229 -0.502409
5.6319 1.3031 0.610317 -0.465203
5.71593 1.26866 0.664783 -0.42353
5.79977 1.2324 0.718442 -0.377156
5.88338 1.19462 0.771072 -0.325826
5.96676 1.15558 0.822402 -0.269274
6.04989 1.11559 0.872103 -0.207228
6.13276 1.07493 0.919787 -0.139414
6.21534 1.0339 0.964991 -0.0655686
6.29763 0.992778 1.00717 0.0145495
6.37961 0.951863 1.04569 0.101142
6.46126 0.911431 1.07983 0.194352
6.54258 0.871751 1.10874 0.294232
6.62355 0.833083 1.1315 0.400721
6.70417 0.795672 1.14707 0.513599
6.78441 0.759749 1.15432 0.63245
6.86429 0.725528 1.15207 0.756614
6.94378 0.693207 1.13909 0.88514
7.02289 0.662965 1.11419 1.01675
7.10162 0.634962 1.07623 1.14979
7.17997 0.609339 1.02427 1.28224
7.25794 0.586217 0.957614 1.4117
7.33556 0.565699 0.875928 1.53545
7.41283 0.54787 0.779347 1.6505
7.48979 0.532795 0.668547 1.75379
7.56645 0.520526 0.544801 1.84227
7.64287 0.5111 0.409987 1.91313
7.71909 0.504542 0.266545 1.96399
7.79516 0.500865 0.117374 1.99309
7.87114 0.500074 -0.0343114 1.99941
7.9471 0.502166 -0.18516 1.98275
8.02309 0.507133 -0.33188 1.94374
8.09919 0.514957 -0.471419 1.88382
8.17545 0.525614 -0.601128 1.80507
8.25192 0.539069 -0.71887 1.7101
8.32865 0.555278 -0.82309 1.6018
8.40567 0.57418 -0.912827 1.48323
8.48301 0.595702 -0.987681 1.35739
8.5607 0.619753 -1.04775 1.22709
8.63875 0.646225 -1.09352 1.0949
8.71717 0.674992 -1.12582 0.962996
8.79597 0.70591 -1.14566 0.83322
8.87515 0.738816 -1.15417 0.707034
8.95471 0.773528 -1.15256 0.585558
9.03465 0.809846 -1.14202 0.469606
9.11496 0.847555 -1.12369 0.359728
9.19563 0.886424 -1.09864 0.256256
9.27665 0.926207 -1.06785 0.159344
9.35802 0.966646 -1.0322 0.0690095
9.43972 1.00747 -0.992473 -0.0148329
9.52174 1.04841 -0.949347 -0.092344
9.60407 1.08917 -0.903414 -0.163735
9.68669 1.12947 -0.855179 -0.229251
9.76959 1.16901 -0.805072 -0.289152
9.85275 1.20752 -0.753454 -0.343706
9.93616 1.24469 -0.700628 -0.393178
10.0198 1.28027 -0.646846 -0.437823
10.1037 1.31396 -0.592313 -0.477885
10.1877 1.34552 -0.537198 -0.513589
10.2719 1.3747 -0.481637 -0.545142
10.3563 1.40128 -0.425738 -0.572731
10.4409 1.42503 -0.369589 -0.596524
10.5256 1.44578 -0.313254 -0.616665
10.6103 1.46336 -0.256787 -0.633279
10.6952 1.47762 -0.200224 -0.646469
10.7802 1.48845 -0.143597 -0.656316
10.8652 1.49576 -0.0869249 -0.662883
10.9502 1.49949 -0.0302257 -0.66621
11.0353 1.49961 0.0264876 -0.666316
11.1204 1.49611 0.0832024 -0.663201
11.2054 1.48903 0.139906 -0.656844
11.2905 1.47842 0.196581 -0.647203
11.3754 1.46436 0.253207 -0.634215
11.4603 1.44697 0.309754 -0.617797
11.5451 1.42638 0.366186 -0.597844
11.6298 1.40275 0.422451 -0.57423
11.7144 1.37628 0.478482 -0.546807
11.7989 1.34717 0.534194 -0.515405
11.8832 1.31565 0.589478 -0.479835
11.9673 1.28196 0.6442 -0.439884
12.0512 1.24636 0.698189 -0.395323
12.1349 1.20912 0.751239 -0.345904
12.2183 1.17053 0.803097 -0.291365
12.3016 1.13086 0.853459 -0.231436
12.3845 1.09042 0.901959 -0.165843
12.4672 1.04949 0.948163 -0.0943161
12.5496 1.00837 0.991559 -0.0166045
12.6317 0.967347 1.03155 0.067511
12.7135 0.926699 1.06744 0.158198
12.795 0.886703 1.09844 0.255547
12.8761 0.847621 1.12365 0.359545
12.9568 0.809705 1.14208 0.470036
13.0372 0.773191 1.15262 0.586684
13.1172 0.7383 1.15412 0.708927
13.1968 0.705236 1.14536 0.83593
13.2761 0.674186 1.12512 0.966542
13.355 0.645315 1.09224 1.09926
13.4335 0.618774 1.04569 1.2322
13.5116 0.59469 0.984668 1.3631
13.5893 0.573173 0.908696 1.48935
13.6667 0.554314 0.817719 1.60806
13.7438 0.538187 0.712197 1.71618
13.8206 0.524849 0.593175 1.81062
13.8971 0.514341 0.462303 1.88847
13.9734 0.506692 0.321815 1.94717
14.0495 0.50192 0.174453 1.9847
14.1255 0.500034 0.0233306 1.99973
14.2015 0.501033 -0.128231 1.99175
14.2774 0.504911 -0.276893 1.9611
14.3535 0.511653 -0.419494 1.9089
14.4297 0.521238 -0.553214 1.83702
14.5061 0.533637 -0.675712 1.74787
14.5827 0.548807 -0.785208 1.64427
14.6596 0.566695 -0.880518 1.52924
14.7368 0.587232 -0.961033 1.40581
14.8144 0.610335 -1.02667 1.27689
14.8923 0.635902 -1.07779 1.14514
14.9706 0.663815 -1.11509 1.01289
15.0492 0.693935 -1.13953 0.882114
15.1282 0.726107 -1.1522 0.754416
15.2077 0.760156 -1.15429 0.63104
15.2875 0.795889 -1.147 0.512914
15.3676 0.833097 -1.13149 0.400682
15.4482 0.871554 -1.10887 0.294752
15.529 0.91102 -1.08015 0.195342
15.6103 0.951241 -1.04625 0.102517
15.6919 0.991952 -1.00798 0.0162264
15.7738 1.03288 -0.966072 -0.0636645
15.856 1.07374 -0.921141 -0.137351
15.9385 1.11425 -0.873725 -0.205066
16.0213 1.15411 -0.824282 -0.267066
16.1044 1.19305 -0.773199 -0.323618
16.1877 1.23076 -0.720799 -0.374987
16.2712 1.26697 -0.667353 -0.421435
16.355 1.30141 -0.613083 -0.463208
16.439 1.33381 -0.558171 -0.50054
16.5231 1.36393 -0.502765 -0.533645
16.6075 1.39151 -0.446983 -0.562718
16.692 1.41636 -0.39092 -0.587933
16.7766 1.43827 -0.334649 -0.609444
16.8613 1.45707 -0.278227 -0.627383
16.9462 1.4726 -0.221697 -0.641861
17.0311 1.48475 -0.165091 -0.652969
17.1161 1.4934 -0.108434 -0.660775
17.2011 1.49849 -0.0517431 -0.665327
17.2862 1.49999 0.00496627 -0.666654
17.3713 1.49786 0.061682 -0.664763
17.4563 1.49214 0.118391 -0.65964
17.5414 1.48286 0.175079 -0.651251
17.6264 1.47009 0.231727 -0.639542
17.7113 1.45395 0.288308 -0.624437
17.7962 1.43455 0.344789 -0.605839
17.8809 1.41206 0.401124 -0.583631
17.9655 1.38665 0.457253 -0.557672
18.05 1.35851 0.513097 -0.527801
18.1344 1.32788 0.568558 -0.493836
18.2185 1.29498 0.623511 -0.455573
18.3025 1.26007 0.6778 -0.41279
18.3863 1.22342 0.731234 -0.365244
18.4699 1.18531 0.783577 -0.31268
18.5532 1.14602 0.834546 -0.254829
18.6363 1.10584 0.8838 -0.191417
18.7191 1.06506 0.930931 -0.122173
18.8016 1.02398 0.975458 -0.046836
18.8838 0.982885 1.01682 0.0348265
18.9657 0.942061 1.05435 0.123004
19.0473 0.901786 1.08731 0.217821
19.1285 0.862327 1.11483 0.319306
19.2094 0.82394 1.13595 0.427362
19.2899 0.786867 1.14962 0.541726
19.3701 0.751335 1.15469 0.661928
19.4499 0.717555 1.14997 0.787242
19.5293 0.68572 1.13423 0.916643
19.6083 0.656004 1.10627 1.04876
19.6869 0.628563 1.06502 1.18186
19.7652 0.603532 1.00957 1.31383
19.8431 0.581029 0.939299 1.44217
19.9206 0.561152 0.853991 1.56409
19.9978 0.543981 0.753898 1.6766
20.0747 0.529579 0.639837 1.77659
20.1513 0.517993 0.513229 1.86106
20.2276 0.509256 0.376092 1.9273
20.3038 0.503392 0.230989 1.97305
20.3799 0.50041 0.0809095 1.99672
20.4558 0.500315 -0.0708816 1.99749
20.5318 0.503101 -0.22103 1.97534
20.6078 0.508758 -0.366285 1.93114
20.6839 0.517268 -0.503679 1.86647
20.7602 0.528603 -0.630676 1.78356
20.8368 0.542727 -0.745278 1.68509
20.9136 0.559591 -0.846073 1.57404
20.9907 0.579132 -0.932238 1.45345
21.0681 0.601272 -1.0035 1.32628
21.1459 0.625917 -1.06006 1.19531
21.224 0.652955 -1.10251 1.063
21.3025 0.682255 -1.1317 0.931454
21.3814 0.713668 -1.1487 0.802423
21.4607 0.747026 -1.15466 0.677282
21.5403 0.782144 -1.15079 0.557074
21.6203 0.818818 -1.13827 0.442545
21.7007 0.856829 -1.11822 0.334189
21.7815 0.895941 -1.09171 0.232289
21.8626 0.935906 -1.05967 0.136966
21.9441 0.976463 -1.02297 0.0482079
22.0258 1.01734 -0.982363 -0.0340912
22.1079 1.05826 -0.93851 -0.110106
22.1903 1.09894 -0.891979 -0.180058
22.273 1.13908 -0.843256 -0.244196
22.356 1.1784 -0.792754 -0.302783
22.4392 1.21661 -0.740819 -0.356088
22.5227 1.25343 -0.687742 -0.404373
22.6064 1.28857 -0.633761 -0.447892
22.6903 1.32177 -0.579073 -0.486883
22.7744 1.35278 -0.523839 -0.521568
22.8586 1.38136 -0.468188 -0.552149
22.9431 1.40727 -0.412222 -0.578808
23.0277 1.43032 -0.356022 -0.601708
23.1124 1.45031 -0.299652 -0.620989
23.1972 1.4671 -0.243158 -0.636769
23.2821 1.48054 -0.186578 -0.649146
23.367 1.49053 -0.129938 -0.658198
23.4521 1.49698 -0.0732578 -0.663981
23.5371 1.49985 -0.0165541 -0.66653
23.6222 1.49909 0.0401607 -0.66586
23.7073 1.49473 0.096874 -0.661966
23.7923 1.48679 0.153572 -0.654822
23.8773 1.47534 0.210238 -0.644381
23.9623 1.46047 0.266848 -0.630574
24.0472 1.44229 0.323371 -0.613315
24.1319 1.42095 0.379768 -0.592492
24.2166 1.39662 0.435983 -0.567974
24.3012 1.36949 0.491946 -0.539607
24.3856 1.33978 0.547565 -0.507219
24.4698 1.30771 0.602728 -0.470612
24.5539 1.27354 0.657289 -0.429572
24.6377 1.23752 0.711073 -0.383863
24.7214 1.19993 0.76386 -0.333234
24.8048 1.16105 0.815388 -0.277421
24.888 1.12117 0.865336 -0.216152
24.9709 1.08059 0.913325 -0.149152
25.0535 1.03959 0.958902 -0.0761562
25.1358 0.998462 1.00154 0.00308084
25.2178 0.957502 1.0406 0.0887677
25.2995 0.916987 1.07539 0.181056
25.3809 0.877188 1.10508 0.280014
25.4619 0.838364 1.12875 0.385598
25.5426 0.800765 1.14538 0.497611
25.6229 0.764623 1.15386 0.615669
25.7028 0.730154 1.15299 0.739147
25.7824 0.69756 1.14157 0.867138
25.8615 0.66702 1.11839 0.99841
25.9403 0.638699 1.0823 1.13137
26.0187 0.612738 1.03233 1.26404
26.0967 0.589264 0.967731 1.39406
26.1744 0.56838 0.888128 1.51877
26.2517 0.550174 0.793581 1.63521
26.3287 0.534715 0.684686 1.74031
26.4054 0.522055 0.562633 1.83101
26.4819 0.512234 0.429218 1.90446
26.5581 0.505278 0.286806 1.95822
26.6342 0.501202 0.138241 1.99041
26.7102 0.500011 -0.013295 1.99991
26.7861 0.501705 -0.164459 1.98641
26.8621 0.506275 -0.311939 1.95043
26.9382 0.513705 -0.452641 1.89329
27.0144 0.523971 -0.58385 1.817
27.0909 0.537042 -0.703354 1.7241
27.1676 0.552873 -0.809516 1.61747
27.2446 0.571406 -0.901293 1.50014
27.3218 0.59257 -0.978211 1.37513
27.3995 0.616277 -1.0403 1.24529
27.4775 0.642422 -1.08801 1.11322
27.5559 0.67088 -1.12212 0.98116
27.6346 0.70151 -1.14361 0.850994
27.7137 0.734151 -1.15362 0.724237
27.7932 0.768624 -1.15334 0.602054
27.8731 0.804732 -1.14397 0.485299
27.9534 0.842263 -1.12665 0.374557
28.034 0.880985 -1.10247 0.270185
28.115 0.920657 -1.07242 0.172362
28.1963 0.961021 -1.03739 0.0811201
28.278 1.00181 -0.998187 -0.00361253
28.3599 1.04275 -0.955495 -0.0819881
28.4422 1.08355 -0.909918 -0.154212
28.5248 1.12393 -0.861975 -0.220526
28.6077 1.16359 -0.812104 -0.281188
28.6908 1.20226 -0.760675 -0.336466
28.7742 1.23964 -0.708001 -0.386626
28.8578 1.27545 -0.654337 -0.431924
28.9416 1.30942 -0.599897 -0.472606
29.0256 1.34129 -0.544854 -0.5089
29.1098 1.37082 -0.489348 -0.541016
29.1942 1.39776 -0.43349 -0.569143
29.2787 1.42192 -0.377371 -0.593452
29.3634 1.4431 -0.321059 -0.614091
29.4482 1.46112 -0.264607 -0.631186
29.533 1.47585 -0.208056 -0.644844
29.618 1.48716 -0.151436 -0.655151
29.703 1.49496 -0.0947691 -0.662168
29.788 1.49918 -0.0380728 -0.665942
29.8731 1.4998 0.0186392 -0.666493
29.9582 1.49681 0.0753546 -0.663824
30.0432 1.49022 0.13206 -0.657918
30.1283 1.48009 0.18874 -0.648735
30.2132 1.46651 0.245375 -0.636215
30.2981 1.44957 0.301935 -0.620277
30.383 1.42941 0.358386 -0.600821
30.4677 1.40619 0.414677 -0.577721
30.5523 1.38011 0.470745 -0.550835
30.6368 1.35135 0.526507 -0.519995
30.7211 1.32014 0.581858 -0.485013
30.8052 1.28674 0.636667 -0.445682
30.8891 1.25139 0.690769 -0.401773
30.9729 1.21436 0.743962 -0.353041
31.0564 1.17594 0.796002 -0.299227
31.1396 1.1364 0.846592 -0.240061
31.2226 1.09605 0.895373 -0.175267
31.3054 1.05517 0.941924 -0.104577
31.3878 1.01406 0.985742 -0.0277355
31.4699 0.973008 1.02624 0.0554825
31.5518 0.932291 1.06275 0.145253
31.6333 0.892189 1.09447 0.241678
31.7144 0.852965 1.12054 0.344762
31.7952 0.814873 1.13997 0.454369
31.8756 0.778152 1.15167 0.570193
31.9557 0.743024 1.1545 0.691705
32.0354 0.709695 1.14723 0.81811
32.1147 0.678356 1.12865 0.948305
32.1936 0.649175 1.09758 1.08083
32.2722 0.622303 1.05298 1.21387
32.3503 0.597872 0.993997 1.3452
32.4282 0.575994 0.920108 1.47226
32.5056 0.556762 0.831192 1.5922
32.5827 0.540254 0.727634 1.70196
32.6595 0.526526 0.610395 1.79848
32.7361 0.515625 0.481042 1.87879
32.8124 0.507579 0.341733 1.94027
32.8885 0.502409 0.195143 1.98082
32.9645 0.500123 0.0443453 1.99902
33.0405 0.500723 -0.107356 1.99422
33.1165 0.504203 -0.256614 1.96666
33.1925 0.51055 -0.400231 1.91735
33.2687 0.519743 -0.535332 1.84805
33.345 0.531755 -0.659502 1.76113
33.4216 0.546544 -0.770882 1.65936
33.4985 0.56406 -0.868203 1.54572
33.5757 0.584235 -0.950781 1.42328
33.6532 0.606989 -1.01847 1.29496
33.731 0.632222 -1.07156 1.16345
33.8093 0.659817 -1.11072 1.03114
33.8879 0.689641 -1.13687 0.900059
33.9668 0.721539 -1.1511 0.771853
34.0462 0.755339 -1.15459 0.647818
34.1259 0.790851 -1.14852 0.528921
34.2061 0.827868 -1.13409 0.415844
34.2865 0.866166 -1.11239 0.309025
34.3674 0.905508 -1.08445 0.208706
34.4486 0.94564 -1.05122 0.11497
34.5301 0.986299 -1.01351 0.027782
34.612 1.02721 -0.972065 -0.052984
34.6941 1.0681 -0.927518 -0.127516
34.7766 1.10867 -0.880417 -0.196042
34.8594 1.14864 -0.83123 -0.258817
34.9424 1.18772 -0.780353 -0.316107
35.0257 1.22562 -0.728118 -0.368178
35.1092 1.26206 -0.674802 -0.415292
35.193 1.29676 -0.620635 -0.457697
35.2769 1.32946 -0.565802 -0.495631
35.361 1.3599 -0.510457 -0.529308
35.4454 1.38786 -0.454721 -0.558928
35.5298 1.4131 -0.398692 -0.584668
35.6144 1.43542 -0.342446 -0.606683
35.6992 1.45466 -0.286042 -0.625109
35.784 1.47065 -0.229524 -0.64006
35.8689 1.48327 -0.172927 -0.65163
35.9539 1.49241 -0.116276 -0.659889
36.0389 1.498 -0.0595893 -0.66489
36.124 1.5 -0.00288174 -0.666663
36.2091 1.49837 0.0538338 -0.665217
36.2941 1.49314 0.110545 -0.660543
36.3792 1.48435 0.167237 -0.652608
36.4642 1.47206 0.223891 -0.641363
36.5491 1.45638 0.280484 -0.626733
36.634 1.43743 0.336981 -0.608625
36.7187 1.41535 0.393339 -0.586924
36.8034 1.39033 0.449501 -0.561493
36.8879 1.36256 0.50539 -0.532174
36.9723 1.33226 0.560911 -0.498787
37.0565 1.29966 0.615943 -0.461132
37.1405 1.26501 0.670334 -0.418989
37.2243 1.22859 0.723899 -0.372117
37.3079 1.19066 0.776409 -0.320263
37.3912 1.15152 0.827587 -0.26316
37.4743 1.11144 0.877101 -0.200534
37.5572 1.07073 0.924553 -0.132112
37.6397 1.02967 0.969472 -0.0576332
37.722 0.988562 1.01131 0.0231415
37.8039 0.947684 1.04941 0.110409
37.8856 0.907317 1.08305 0.204302
37.9668 0.867729 1.11138 0.304867
38.0478 0.829179 1.13345 0.412025
38.1284 0.79191 1.14821 0.525539
38.2086 0.756152 1.15455 0.644971
38.2884 0.722118 1.15125 0.769631
38.3678 0.690003 1.13711 0.89854
38.4469 0.659984 1.11091 1.03038
38.5256 0.632219 1.07156 1.16346
38.6039 0.606848 1.01811 1.29572
38.6819 0.583989 0.949919 1.42472
38.7594 0.563743 0.866688 1.54771
38.8367 0.546193 0.768606 1.66171
38.9136 0.531405 0.656407 1.76361
38.9902 0.519427 0.531428 1.8504
39.0666 0.510294 0.395607 1.91931
39.1428 0.504031 0.251436 1.96801
39.2189 0.500651 0.101855 1.9948
39.2949 0.500156 -0.0498992 1.99875
39.3708 0.502544 -0.200473 1.97975
39.4468 0.507805 -0.34659 1.93852
39.5229 0.515921 -0.485234 1.87656
39.5992 0.526868 -0.613802 1.79602
39.6757 0.540608 -0.730217 1.69954
39.7525 0.557096 -0.832984 1.59004
39.8295 0.576271 -0.921202 1.47059
39.9069 0.598057 -0.994526 1.34416
39.9846 0.622362 -1.0531 1.21357
40.0627 0.649076 -1.09745 1.0813
40.1412 0.678071 -1.12841 0.949543
40.22 0.709201 -1.14703 0.820074
40.2992 0.742301 -1.15445 0.694325
40.3788 0.777187 -1.15187 0.573383
40.4588 0.813658 -1.14048 0.458034
40.5392 0.851498 -1.12141 0.348802
40.6199 0.890472 -1.09572 0.245999
40.7009 0.930335 -1.0644 0.149764
40.7823 0.970826 -1.0283 0.0601019
40.8641 1.01168 -0.98819 -0.0230819
40.9461 1.05261 -0.94475 -0.099954
41.0285 1.09333 -0.898559 -0.17073
41.1111 1.13357 -0.850113 -0.235657
41.194 1.17302 -0.799835 -0.294997
41.2772 1.2114 -0.74808 -0.349017
41.3607 1.24842 -0.695145 -0.397981
41.4443 1.28382 -0.641277 -0.442145
41.5282 1.31731 -0.586677 -0.481749
41.6123 1.34863 -0.53151 -0.517017
41.6965 1.37756 -0.47591 -0.548155
41.7809 1.40385 -0.419982 -0.575347
41.8655 1.42731 -0.363811 -0.598758
41.9502 1.44774 -0.30746 -0.618532
42.035 1.46498 -0.250981 -0.63479
42.1199 1.47889 -0.194411 -0.647633
42.2048 1.48936 -0.137778 -0.657141
42.2898 1.4963 -0.0811028 -0.663374
42.3749 1.49967 -0.0244016 -0.666369
42.46 1.49941 0.0323124 -0.666145
42.545 1.49555 0.0890267 -0.662698
42.6301 1.4881 0.145728 -0.656006
42.7151 1.47713 0.202399 -0.646024
42.8001 1.46272 0.259018 -0.632688
42.885 1.445 0.315556 -0.615913
42.9698 1.42409 0.371973 -0.59559
43.0545 1.40016 0.428217 -0.571592
43.139 1.37341 0.48422 -0.543768
43.2235 1.34404 0.539893 -0.511948
43.3077 1.31228 0.595127 -0.475937
43.3918 1.27838 0.649781 -0.435524
43.4757 1.2426 0.703684 -0.390475
43.5594 1.20521 0.756624 -0.340543
43.6428 1.1665 0.808344 -0.285463
43.726 1.12674 0.858532 -0.224965
43.809 1.08623 0.906818 -0.158775
43.8916 1.04527 0.952758 -0.086624
43.974 1.00415 0.995834 -0.00826412
44.0561 0.96315 1.03544 0.0765196
44.1378 0.922557 1.07086 0.167888
44.2192 0.882643 1.10131 0.265923
44.3003 0.843669 1.12587 0.370598
44.381 0.805886 1.14354 0.48174
44.4614 0.769529 1.15321 0.598992
44.5413 0.734817 1.15371 0.721767
44.6209 0.701951 1.14383 0.8492
44.7001 0.671117 1.12234 0.980104
44.779 0.64248 1.0881 1.11294
44.8574 0.616185 1.0401 1.24578
44.9355 0.59236 0.977559 1.37632
45.0132 0.571112 0.900041 1.50194
45.0906 0.552531 0.807539 1.61971
45.1676 0.536688 0.700572 1.72656
45.2444 0.523638 0.580247 1.81943
45.3209 0.513423 0.448275 1.89542
45.3971 0.506069 0.306948 1.95203
45.4732 0.501594 0.159051 1.98729
45.5492 0.500004 0.00772826 1.99997
45.6252 0.501299 -0.143688 1.98964
45.7012 0.505471 -0.291869 1.9567
45.7772 0.512507 -0.43368 1.90239
45.8534 0.522383 -0.566347 1.82861
45.9298 0.535068 -0.687582 1.73784
46.0065 0.55052 -0.795665 1.63293
46.0834 0.568683 -0.889474 1.5169
46.1607 0.589488 -0.968457 1.39277
46.2383 0.612849 -1.03258 1.26345
46.3162 0.638663 -1.08224 1.13154
46.3945 0.666809 -1.11818 0.99936
46.4732 0.697147 -1.14135 0.868834
46.5523 0.72952 -1.15288 0.741527
46.6318 0.763751 -1.15395 0.618654
46.7116 0.799646 -1.14576 0.501108
46.7918 0.836993 -1.12948 0.389507
46.8724 0.875565 -1.10619 0.28424
46.9533 0.91512 -1.07689 0.185505
47.0346 0.955404 -1.04251 0.0933553
47.1162 0.99615 -1.00384 0.00772957
47.1981 1.03708 -0.961587 -0.0715144
47.2804 1.07792 -0.916377 -0.144576
47.3629 1.11838 -0.868733 -0.211692
47.4457 1.15816 -0.819105 -0.273121
47.5288 1.19698 -0.767873 -0.329128
47.6122 1.23455 -0.715354 -0.37998
47.6957 1.2706 -0.661814 -0.425936
47.7795 1.30484 -0.60747 -0.467243
47.8635 1.33702 -0.552501 -0.504131
47.9477 1.36688 -0.497052 -0.536813
48.0321 1.3942 -0.441237 -0.565482
48.1166 1.41875 -0.38515 -0.59031
48.2012 1.44035 -0.328861 -0.611449
48.286 1.45882 -0.272426 -0.629028
48.3708 1.47401 -0.215886 -0.643156
48.4558 1.4858 -0.159274 -0.653922
48.5408 1.49409 -0.102613 -0.661392
48.6258 1.49881 -0.0459196 -0.665612
48.7109 1.49993 0.010791 -0.666608
48.7959 1.49744 0.0675066 -0.664386
48.881 1.49135 0.124214 -0.65893
48.966 1.4817 0.180899 -0.650203
49.051 1.46859 0.237541 -0.638149
49.136 1.45211 0.294114 -0.62269
49.2208 1.43238 0.350582 -0.603727
49.3055 1.40958 0.406899 -0.58114
49.3901 1.38388 0.463002 -0.554787
49.4746 1.35548 0.518813 -0.524505
49.559 1.3246 0.574228 -0.490108
49.6431 1.29148 0.62912 -0.451392
49.7271 1.25638 0.683331 -0.408131
49.8108 1.21957 0.736664 -0.360082
49.8944 1.18133 0.78888 -0.306987
49.9777 1.14193 0.83969 -0.248578
50.0607 1.10167 0.888746 -0.184579
50.1435 1.06085 0.935633 -0.114721
50.226 1.01975 0.979862 -0.0387442
50.3081 0.978675 1.02086 0.0435796
50.39 0.937895 1.05796 0.132435
50.4716 0.897692 1.0904 0.227937
50.5528 0.858331 1.11731 0.330103
50.6336 0.820068 1.13772 0.438822
50.7141 0.783143 1.15056 0.553812
50.7942 0.747782 1.15468 0.674577
50.874 0.714193 1.14888 0.800364
50.9533 0.682568 1.13194 0.930113
51.0323 0.653078 1.10266 1.06242
51.1109 0.625879 1.05999 1.19551
51.1891 0.601103 1.00304 1.32722
51.267 0.578865 0.931231 1.45503
51.3445 0.559263 0.844383 1.57614
51.4216 0.542373 0.742808 1.6875
51.4985 0.528258 0.627383 1.78603
51.575 0.516964 0.49959 1.86874
51.6514 0.508521 0.36151 1.93297
51.7276 0.502952 0.215751 1.97652
51.8036 0.500267 0.0653425 1.99786
51.8795 0.500468 -0.0864342 1.99626
51.9555 0.50355 -0.236226 1.9718
52.0315 0.509501 -0.380804 1.92541
52.1077 0.518303 -0.517239 1.85875
52.184 0.529926 -0.643046 1.77411
52.2606 0.544334 -0.756285 1.67422
52.3374 0.561476 -0.855605 1.56204
52.4145 0.581287 -0.940244 1.44064
52.492 0.60369 -1.00998 1.31296
52.5698 0.628586 -1.06506 1.18174
52.648 0.655863 -1.1061 1.04942
52.7265 0.685387 -1.13399 0.918061
52.8054 0.717007 -1.1498 0.789371
52.8848 0.750555 -1.1547 0.664694
52.9644 0.785842 -1.14989 0.54504
53.0445 0.822664 -1.13654 0.431126
53.1249 0.860799 -1.11578 0.323423
53.2057 0.900011 -1.08865 0.222196
53.2869 0.940049 -1.0561 0.127549
53.3684 0.980651 -1.01897 0.0394606
53.4502 1.02155 -0.977999 -0.0421841
53.5323 1.06245 -0.933846 -0.117566
53.6147 1.10309 -0.887069 -0.186908
53.6975 1.14316 -0.838145 -0.250464
53.7805 1.18238 -0.787481 -0.308496
53.8637 1.22046 -0.735416 -0.361274
53.9472 1.25712 -0.682236 -0.409058
54.0309 1.29207 -0.628174 -0.452101
54.1148 1.32506 -0.573423 -0.49064
54.1989 1.35583 -0.518141 -0.524894
54.2832 1.38414 -0.462453 -0.555065
54.3677 1.40977 -0.40646 -0.581331
54.4523 1.43251 -0.35024 -0.603853
54.537 1.45219 -0.293855 -0.622769
54.6218 1.46864 -0.237351 -0.638195
54.7067 1.48173 -0.180763 -0.650228
54.7917 1.49136 -0.124118 -0.658942
54.8767 1.49744 -0.0674351 -0.664391
54.9618 1.49994 -0.0107297 -0.666609
55.0468 1.49881 0.0459855 -0.665609
55.1319 1.49408 0.102698 -0.661383
55.217 1.48578 0.159394 -0.653902
55.302 1.47397 0.216054 -0.643119
55.3869 1.45875 0.272657 -0.628963
55.4718 1.44024 0.32917 -0.611342
55.5566 1.41859 0.385551 -0.590146
55.6412 1.39396 0.441743 -0.56524
55.7258 1.36656 0.497675 -0.53647
55.8102 1.33659 0.553254 -0.503657
55.8944 1.3043 0.608362 -0.466605
55.9784 1.26992 0.662852 -0.425097
56.0623 1.23373 0.716544 -0.378894
56.1459 1.19599 0.769215 -0.327745
56.2293 1.157 0.820596 -0.271385
56.3124 1.11703 0.870362 -0.209539
56.3953 1.07639 0.918126 -0.141936
56.4779 1.03536 0.963426 -0.0683099
56.5602 0.994243 1.00572 0.0115808
56.6422 0.953316 1.04439 0.0979398
56.7238 0.912862 1.07869 0.190911
56.8052 0.873151 1.10781 0.290554
56.8862 0.834442 1.1308 0.39681
56.9668 0.796982 1.14665 0.509466
57.047 0.761002 1.15422 0.628114
57.1269 0.726717 1.15233 0.752102
57.2064 0.694326 1.13976 0.880493
57.2856 0.664007 1.11529 1.01202
57.3643 0.635921 1.07782 1.14504
57.4427 0.610211 1.02638 1.27755
57.5206 0.586998 0.96025 1.40717
57.5983 0.566386 0.879101 1.53116
57.6756 0.548459 0.783043 1.64658
57.7525 0.533285 0.672732 1.75034
57.8292 0.520915 0.549419 1.8394
57.9056 0.511388 0.414961 1.91093
57.9819 0.504727 0.271779 1.96254
58.0579 0.500946 0.122759 1.99244
58.1339 0.500052 -0.028894 1.99958
58.2099 0.502042 -0.17983 1.98373
58.2859 0.506906 -0.326751 1.9455
58.362 0.514629 -0.466595 1.8863
58.4382 0.525185 -0.596695 1.80818
58.5147 0.538542 -0.714894 1.71373
58.5914 0.554653 -0.819617 1.60586
58.6684 0.57346 -0.90988 1.4876
58.7457 0.59489 -0.985267 1.36197
58.8234 0.618852 -1.04585 1.23179
58.9014 0.64524 -1.09213 1.09962
58.9799 0.673928 -1.12489 0.967676
59.0586 0.704772 -1.14515 0.837796
59.1378 0.73761 -1.15405 0.711461
59.2173 0.77226 -1.15278 0.589801
59.2973 0.808525 -1.14254 0.473641
59.3776 0.846189 -1.12446 0.36354
59.4582 0.88502 -1.09964 0.259835
59.5392 0.924775 -1.06904 0.162688
59.6206 0.965195 -1.03355 0.07212
59.7023 1.00601 -0.993952 -0.0119517
59.7843 1.04695 -0.950938 -0.0896852
59.8666 1.08772 -0.905096 -0.161291
59.9492 1.12804 -0.856935 -0.227012
60.0321 1.16762 -0.806888 -0.287109
60.1153 1.20616 -0.755318 -0.341849
60.1987 1.24339 -0.702531 -0.391498
60.2823 1.27903 -0.648779 -0.436311
60.3661 1.31279 -0.594269 -0.476532
60.4502 1.34444 -0.539173 -0.512387
60.5344 1.37371 -0.483625 -0.544085
60.6188 1.40038 -0.427738 -0.571813
60.7034 1.42424 -0.371596 -0.595738
60.788 1.44509 -0.315267 -0.616008
60.8728 1.46279 -0.258803 -0.632746
60.9577 1.47717 -0.202244 -0.646056
61.0426 1.48812 -0.145618 -0.656022
61.1276 1.49556 -0.0889474 -0.662705
61.2127 1.49942 -0.0322489 -0.666147
61.2978 1.49966 0.024464 -0.666367
61.3828 1.4963 0.081179 -0.663368
61.4679 1.48934 0.137883 -0.657127
61.5529 1.47886 0.194559 -0.647604
61.6379 1.46492 0.251187 -0.634737
61.7228 1.44764 0.307739 -0.618443
61.8076 1.42716 0.364175 -0.598618
61.8923 1.40364 0.420447 -0.575137
61.9769 1.37727 0.476487 -0.547853
62.0613 1.34825 0.532213 -0.516596
62.1456 1.31681 0.587515 -0.481178
62.2297 1.28319 0.642259 -0.441387
62.3137 1.24766 0.696277 -0.396994
62.3974 1.21047 0.749365 -0.347753
62.4808 1.17192 0.80127 -0.293402
62.5641 1.13229 0.851691 -0.23367
62.6471 1.09187 0.900265 -0.168284
62.7298 1.05096 0.946559 -0.096973
62.8122 1.00984 0.990065 -0.0194861
62.8943 0.968806 1.03019 0.0643977
62.9761 0.92814 1.06624 0.154848
63.0575 0.888116 1.09743 0.251959
63.1386 0.848997 1.12286 0.355722
63.2194 0.811035 1.14155 0.465985
63.2998 0.774467 1.15239 0.582422
63.3798 0.739514 1.15424 0.704477
63.4595 0.706382 1.14586 0.831329
63.5388 0.675257 1.12605 0.961836
63.6176 0.646306 1.09364 1.09451
63.6962 0.619679 1.04759 1.22748
63.7743 0.595506 0.987101 1.35849
63.852 0.573895 0.911666 1.48496
63.9295 0.55494 0.821219 1.60399
64.0065 0.538715 0.716202 1.71254
64.0833 0.525276 0.597637 1.80752
64.1598 0.514666 0.467152 1.88601
64.2361 0.506915 0.326964 1.94543
64.3123 0.502041 0.179795 1.98374
64.3883 0.500052 0.0287499 1.99959
64.4642 0.500948 -0.122854 1.99243
64.5402 0.504723 -0.271675 1.96257
64.6163 0.511363 -0.414543 1.91111
64.6924 0.520848 -0.548624 1.83989
64.7688 0.533146 -0.671557 1.75131
64.8454 0.548218 -0.781541 1.64818
64.9223 0.56601 -0.87737 1.5335
64.9995 0.586455 -0.958417 1.41032
65.0771 0.609468 -1.02458 1.28155
65.155 0.634949 -1.07621 1.14986
65.2332 0.66278 -1.11399 1.01759
65.3119 0.692824 -1.13886 0.886735
65.3909 0.724926 -1.15193 0.758904
65.4703 0.758911 -1.15438 0.635357
65.5501 0.794587 -1.14741 0.51703
65.6302 0.831746 -1.13217 0.404579
65.7108 0.870163 -1.10979 0.29842
65.7916 0.909597 -1.08127 0.198775
65.8729 0.949796 -1.04754 0.105716
65.9544 0.990494 -1.00941 0.019194
66.0363 1.03142 -0.967623 -0.0609222
66.1185 1.07229 -0.92279 -0.134826
66.201 1.11281 -0.875454 -0.20275
66.2838 1.1527 -0.826076 -0.264949
66.3669 1.19168 -0.775045 -0.321691
66.4502 1.22944 -0.722688 -0.373241
66.5337 1.26571 -0.669275 -0.419859
66.6175 1.30022 -0.615031 -0.461796
66.7015 1.3327 -0.560139 -0.499282
66.7856 1.36289 -0.504749 -0.532534
66.87 1.39058 -0.448979 -0.561748
66.9544 1.41553 -0.392924 -0.587098
67.0391 1.43754 -0.33666 -0.608738
67.1238 1.45646 -0.280242 -0.626803
67.2086 1.47211 -0.223715 -0.641403
67.2936 1.48437 -0.167111 -0.65263
67.3786 1.49315 -0.110456 -0.660552
67.4636 1.49837 -0.0537661 -0.66522
67.5487 1.5 0.00294285 -0.666662
67.6337 1.498 0.0596585 -0.664886
67.7188 1.4924 0.116368 -0.659879
67.8038 1.48325 0.173057 -0.651607
67.8888 1.47061 0.229707 -0.640018
67.9738 1.45458 0.286291 -0.625035
68.0586 1.4353 0.342776 -0.606564
68.1434 1.41292 0.399117 -0.584487
68.228 1.3876 0.455254 -0.558664
68.3125 1.35956 0.511111 -0.528936
68.3969 1.32901 0.566587 -0.49512
68.481 1.29619 0.621561 -0.457015
68.565 1.26135 0.675877 -0.414397
68.6488 1.22476 0.729345 -0.367026
68.7324 1.18669 0.781731 -0.314645
68.8157 1.14744 0.832755 -0.256987
68.8988 1.10728 0.882077 -0.193778
68.9816 1.06652 0.929291 -0.124747
69.0641 1.02545 0.973921 -0.0496314
69.1463 0.984348 1.0154 0.0318019
69.2283 0.94351 1.05309 0.119745
69.3098 0.903211 1.08622 0.214323
69.3911 0.863718 1.11395 0.315571
69.472 0.825288 1.13532 0.423396
69.5525 0.788164 1.14927 0.537542
69.6327 0.752574 1.15467 0.657547
69.7125 0.718728 1.15032 0.782694
69.7919 0.68682 1.13499 0.91197
69.8709 0.657026 1.10749 1.04402
69.9496 0.629501 1.06673 1.17712
70.0279 0.604382 1.0118 1.30916
70.1058 0.581787 0.942065 1.43768
70.1833 0.561815 0.857292 1.55989
70.2605 0.544546 0.757716 1.67278
70.3374 0.530044 0.644132 1.77327
70.414 0.518357 0.517941 1.85834
70.4904 0.509519 0.381139 1.92527
70.5666 0.503551 0.23627 1.97179
70.6426 0.500467 0.0863133 1.99627
70.7186 0.500268 -0.0654745 1.99785
70.7946 0.502952 -0.215738 1.97652
70.8706 0.508507 -0.361221 1.93308
70.9467 0.516916 -0.498942 1.8691
71.023 0.528151 -0.626348 1.7868
71.0995 0.542176 -0.74142 1.68884
71.1763 0.558943 -0.842725 1.57818
71.2534 0.578389 -0.92942 1.45788
71.3308 0.600439 -1.00121 1.3309
71.4086 0.624996 -1.05829 1.20002
71.4867 0.651951 -1.10123 1.06772
71.5652 0.681173 -1.13088 0.936113
71.6441 0.712513 -1.14829 0.806967
71.7233 0.745805 -1.15463 0.681667
71.803 0.780863 -1.15109 0.561268
71.883 0.817485 -1.13885 0.446527
71.9633 0.855452 -1.11906 0.337945
72.0441 0.89453 -1.09275 0.235812
72.1252 0.934469 -1.0609 0.140254
72.2066 0.975009 -1.02435 0.0512626
72.2884 1.01588 -0.983871 -0.0312643
72.3705 1.0568 -0.940124 -0.1075
72.4529 1.09749 -0.89368 -0.177664
72.5356 1.13766 -0.845027 -0.242004
72.6185 1.17701 -0.794582 -0.300785
72.7017 1.21527 -0.742693 -0.354274
72.7852 1.25214 -0.689652 -0.402734
72.8689 1.28735 -0.6357 -0.446419
72.9528 1.32063 -0.581035 -0.485567
73.0369 1.35172 -0.525818 -0.520402
73.1211 1.38038 -0.47018 -0.551126
73.2056 1.40639 -0.414223 -0.577923
73.2901 1.42955 -0.358031 -0.600954
73.3748 1.44966 -0.301665 -0.620362
73.4596 1.46656 -0.245175 -0.636265
73.5445 1.48012 -0.188597 -0.648762
73.6295 1.49024 -0.131959 -0.657931
73.7145 1.49682 -0.0752805 -0.66383
73.7996 1.49981 -0.0185774 -0.666494
73.8846 1.49918 0.0381372 -0.665939
73.9697 1.49495 0.0948508 -0.662161
74.0548 1.48714 0.15155 -0.655133
74.1398 1.47581 0.208217 -0.64481
74.2247 1.46105 0.264829 -0.631126
74.3096 1.44299 0.321357 -0.613991
74.3944 1.42176 0.377759 -0.593297
74.4791 1.39754 0.433981 -0.568914
74.5636 1.37051 0.489954 -0.540688
74.648 1.34088 0.545588 -0.508446
74.7323 1.30889 0.600769 -0.471993
74.8164 1.27479 0.655355 -0.431115
74.9002 1.23883 0.709169 -0.385577
74.9839 1.20129 0.761997 -0.335128
75.0673 1.16246 0.813574 -0.279505
75.1505 1.12261 0.863586 -0.218435
75.2334 1.08204 0.911652 -0.151644
75.316 1.04105 0.957324 -0.0788665
75.3984 0.999928 1.00007 0.000143976
75.4804 0.958958 1.03928 0.0855977
75.5621 0.918422 1.07423 0.177649
75.6435 0.878592 1.10412 0.276369
75.7245 0.83973 1.12802 0.381718
75.8052 0.802083 1.14492 0.493508
75.8855 0.765885 1.15371 0.611359
75.9654 0.731353 1.1532 0.734658
76.045 0.698688 1.14218 0.862507
76.1242 0.668072 1.11943 0.993687
76.203 0.639669 1.08382 1.12662
76.2814 0.613623 1.03436 1.25933
76.3594 0.590057 0.970292 1.3895
76.4371 0.56908 0.891227 1.51445
76.5144 0.550777 0.797206 1.63124
76.5915 0.535218 0.688806 1.73679
76.6682 0.522458 0.567195 1.82806
76.7446 0.512535 0.434148 1.90217
76.8209 0.505477 0.29201 1.95666
76.897 0.501297 0.143612 1.98965
76.973 0.500004 -0.00787492 1.99997
77.0489 0.501595 -0.15911 1.98728
77.1249 0.506062 -0.306777 1.95208
77.201 0.513391 -0.447769 1.89567
77.2772 0.523557 -0.579358 1.82003
77.3536 0.536528 -0.699312 1.72767
77.4303 0.552261 -0.805971 1.62148
77.5073 0.570699 -0.898273 1.50447
77.5846 0.591771 -0.975723 1.37969
77.6622 0.615389 -1.03834 1.24998
77.7402 0.641448 -1.08655 1.11794
77.8185 0.669826 -1.12113 0.985849
77.8973 0.700381 -1.14305 0.855588
77.9764 0.732953 -1.15345 0.728686
78.0559 0.767364 -1.15352 0.606324
78.1357 0.803418 -1.14445 0.489364
78.216 0.840902 -1.12739 0.3784
78.2966 0.879586 -1.10344 0.273797
78.3776 0.919228 -1.07358 0.175738
78.4589 0.959572 -1.03872 0.0842628
78.5405 1.00035 -0.99965 -0.000699877
78.6225 1.04129 -0.957071 -0.0792989
78.7048 1.0821 -0.911588 -0.151739
78.7873 1.1225 -0.863721 -0.218259
78.8702 1.16219 -0.813912 -0.279118
78.9533 1.2009 -0.762533 -0.334583
79.0367 1.23833 -0.709898 -0.384921
79.1203 1.2742 -0.656266 -0.430389
79.2041 1.30824 -0.601851 -0.471231
79.2881 1.34019 -0.546826 -0.507678
79.3723 1.36981 -0.491335 -0.539939
79.4567 1.39685 -0.435488 -0.568206
79.5412 1.42111 -0.379377 -0.592649
79.6259 1.44239 -0.323071 -0.613416
79.7106 1.46053 -0.266623 -0.630636
79.7955 1.47538 -0.210075 -0.644415
79.8804 1.48681 -0.153457 -0.65484
79.9654 1.49474 -0.0967914 -0.661974
80.0505 1.4991 -0.040096 -0.665863
80.1355 1.49984 0.0166157 -0.666529
80.2206 1.49698 0.0733312 -0.663975
80.3057 1.49052 0.130037 -0.658185
80.3907 1.48052 0.186719 -0.649119
80.4757 1.46705 0.243355 -0.63672
80.5606 1.45023 0.299919 -0.620906
80.6454 1.43018 0.356374 -0.601577
80.7302 1.40707 0.412672 -0.57861
80.8148 1.38108 0.468749 -0.551861
80.8992 1.35242 0.524524 -0.521165
80.9835 1.3213 0.579892 -0.486335
81.0677 1.28796 0.634722 -0.447162
81.1516 1.25268 0.688853 -0.403421
81.2354 1.21571 0.742083 -0.354866
81.3189 1.17733 0.794169 -0.301238
81.4021 1.13783 0.844815 -0.242267
81.4851 1.0975 0.893669 -0.177679
81.5679 1.05664 0.940307 -0.107204
81.6503 1.01553 0.984232 -0.0305856
81.7325 0.974468 1.02486 0.0524015
81.8143 0.933735 1.06152 0.141935
81.8958 0.893606 1.09343 0.238123
81.977 0.854347 1.11972 0.34097
82.0578 0.81621 1.1394 0.450349
82.1383 0.779436 1.1514 0.565959
82.2183 0.744247 1.15456 0.68728
82.298 0.710851 1.14767 0.813528
82.3774 0.679438 1.12952 0.94361
82.4563 0.650177 1.09892 1.07609
82.5349 0.62322 1.05481 1.20914
82.613 0.5987 0.996355 1.34057
82.6909 0.576729 0.923003 1.46783
82.7683 0.557402 0.83462 1.58807
82.8455 0.540795 0.731572 1.69826
82.9223 0.526968 0.614798 1.7953
82.9988 0.515965 0.485843 1.87623
83.0751 0.507817 0.346845 1.93843
83.1513 0.502544 0.200464 1.97975
83.2273 0.500155 0.049761 1.99876
83.3033 0.500652 -0.101966 1.99479
83.3792 0.504029 -0.251367 1.96802
83.4553 0.510274 -0.395238 1.91946
83.5314 0.519367 -0.530687 1.85084
83.6078 0.531278 -0.655283 1.76451
83.6844 0.545969 -0.767144 1.66321
83.7612 0.563388 -0.864982 1.54995
83.8384 0.58347 -0.948092 1.42777
83.9159 0.606133 -1.01631 1.2996
83.9937 0.63128 -1.06991 1.16817
84.0719 0.658794 -1.10955 1.03585
84.1505 0.68854 -1.13615 0.904696
84.2295 0.720367 -1.15079 0.776363
84.3089 0.754102 -1.15463 0.65216
84.3886 0.789557 -1.14889 0.533066
84.4687 0.826524 -1.13473 0.419773
84.5492 0.864781 -1.11327 0.312725
84.63 0.904089 -1.08555 0.212172
84.7112 0.944197 -1.05248 0.118201
84.7927 0.984843 -1.01492 0.0307813
84.8745 1.02575 -0.973601 -0.0502109
84.9567 1.06664 -0.929154 -0.124961
85.0391 1.10723 -0.882136 -0.193698
85.1219 1.14723 -0.833016 -0.256674
85.2049 1.18635 -0.782193 -0.314154
85.2882 1.2243 -0.730002 -0.366407
85.3717 1.26079 -0.67672 -0.413693
85.4554 1.29556 -0.62258 -0.456263
85.5394 1.32833 -0.567768 -0.494352
85.6235 1.35886 -0.512439 -0.528178
85.7078 1.3869 -0.456715 -0.557939
85.7923 1.41224 -0.400695 -0.583814
85.8769 1.43468 -0.344456 -0.60596
85.9616 1.45403 -0.288056 -0.624512
86.0465 1.47014 -0.231542 -0.639586
86.1314 1.48288 -0.174948 -0.651274
86.2163 1.49215 -0.118298 -0.659651
86.3014 1.49787 -0.0616123 -0.664767
86.3864 1.49999 -0.00490524 -0.666655
86.4715 1.49849 0.0518102 -0.665324
86.5566 1.49339 0.108522 -0.660765
86.6416 1.48472 0.165215 -0.652948
86.7266 1.47256 0.221871 -0.641822
86.8116 1.457 0.278466 -0.627314
86.8964 1.43816 0.334967 -0.609332
86.9812 1.41619 0.391331 -0.587762
87.0659 1.39127 0.447501 -0.562467
87.1504 1.3636 0.503401 -0.533289
87.2347 1.33338 0.558937 -0.500051
87.3189 1.30086 0.613989 -0.462552
87.403 1.26628 0.668407 -0.420572
87.4868 1.22992 0.722004 -0.373873
87.5704 1.19204 0.774556 -0.322202
87.6538 1.15293 0.825788 -0.265291
87.7369 1.11288 0.875367 -0.202866
87.8197 1.07219 0.9229 -0.134656
87.9023 1.03114 0.967919 -0.0603976
87.9845 0.990026 1.00987 0.0201488
88.0665 0.949135 1.04812 0.107181
88.1481 0.908745 1.08194 0.200837
88.2294 0.869125 1.11047 0.301164
88.3104 0.830534 1.13278 0.40809
88.391 0.793215 1.14783 0.521384
88.4712 0.757399 1.15448 0.640614
88.551 0.7233 1.15155 0.765104
88.6305 0.691113 1.13781 0.893881
88.7096 0.661017 1.11206 1.02564
88.7883 0.633169 1.0732 1.15871
88.8666 0.60771 1.02027 1.29104
88.9446 0.58476 0.95261 1.42021
89.0222 0.56442 0.869916 1.54346
89.0994 0.546772 0.772355 1.65783
89.1763 0.531884 0.66064 1.76022
89.253 0.519805 0.536087 1.8476
89.3294 0.510571 0.400613 1.91718
89.4056 0.504205 0.256692 1.96664
89.4817 0.500721 0.107249 1.99424
89.5576 0.500124 -0.044485 1.99901
89.6336 0.502409 -0.195158 1.98082
89.7096 0.507568 -0.341488 1.94036
89.7857 0.515583 -0.480447 1.8791
89.862 0.526429 -0.609414 1.79919
89.9385 0.54007 -0.726291 1.70322
90.0152 0.556461 -0.829564 1.59414
90.0923 0.575541 -0.91831 1.47499
90.1696 0.597236 -0.992166 1.34876
90.2473 0.621452 -1.05125 1.21827
90.3254 0.648083 -1.0961 1.08603
90.4039 0.676999 -1.12753 0.954214
90.4827 0.708056 -1.14657 0.824637
90.5619 0.741088 -1.15437 0.698735
90.6415 0.775914 -1.15212 0.577606
90.7214 0.812332 -1.14102 0.462047
90.8018 0.850127 -1.12221 0.35259
90.8825 0.889065 -1.09674 0.249555
90.9635 0.9289 -1.0656 0.153084
91.0449 0.969373 -1.02966 0.0631887
91.1266 1.01022 -0.989682 -0.0202237
91.2087 1.05115 -0.946351 -0.0973175
91.291 1.09189 -0.900248 -0.168307
91.3736 1.13214 -0.851875 -0.233438
91.4566 1.17163 -0.801656 -0.292973
91.5397 1.21005 -0.749948 -0.347178
91.6232 1.24713 -0.697051 -0.396318
91.7068 1.28259 -0.643212 -0.440649
91.7907 1.31615 -0.588635 -0.480412
91.8748 1.34756 -0.533487 -0.515831
91.959 1.37657 -0.4779 -0.547113
92.0434 1.40296 -0.421982 -0.574443
92.128 1.42652 -0.365818 -0.597986
92.2126 1.44706 -0.309474 -0.617887
92.2974 1.46442 -0.252998 -0.634269
92.3823 1.47845 -0.196431 -0.647232
92.4673 1.48905 -0.1398 -0.656859
92.5523 1.49612 -0.0831255 -0.663207
92.6373 1.49961 -0.026425 -0.666317
92.7224 1.49948 0.0302887 -0.666208
92.8075 1.49575 0.0870032 -0.662876
92.8925 1.48843 0.143705 -0.656301
92.9776 1.47758 0.200378 -0.646438
93.0625 1.4633 0.256999 -0.633223
93.1474 1.44568 0.313541 -0.616572
93.2322 1.42488 0.369963 -0.596378
93.3169 1.40106 0.426214 -0.572513
93.4015 1.37441 0.482227 -0.544829
93.4859 1.34513 0.537914 -0.513154
93.5702 1.31345 0.593165 -0.477296
93.6543 1.27963 0.647843 -0.437044
93.7382 1.24391 0.701776 -0.392165
93.8219 1.20657 0.754755 -0.342411
93.9053 1.1679 0.806523 -0.28752
93.9885 1.12817 0.856772 -0.22722
94.0715 1.08769 0.905132 -0.161238
94.1542 1.04674 0.951165 -0.0893038
94.2365 1.00562 0.994353 -0.0111694
94.3186 0.964608 1.03409 0.073382
94.4004 0.923995 1.06968 0.164514
94.4818 0.884052 1.10032 0.26231
94.5629 0.845041 1.12511 0.36675
94.6436 0.807211 1.14304 0.477666
94.724 0.770799 1.15302 0.59471
94.804 0.736025 1.15387 0.717301
94.8836 0.70309 1.14437 0.844586
94.9628 0.672181 1.12332 0.97539
95.0417 0.643462 1.08955 1.10819
95.1201 0.617082 1.04206 1.24106
95.1982 0.593166 0.980047 1.37174
95.2759 0.571825 0.903066 1.49757
95.3533 0.553147 0.811093 1.61567
95.4304 0.537205 0.704627 1.72297
95.5071 0.524055 0.584752 1.81639
95.5836 0.513738 0.45316 1.89303
95.6599 0.506282 0.312121 1.95037
95.736 0.501704 0.164406 1.98642
95.812 0.500011 0.013149 1.99991
95.888 0.501203 -0.138321 1.9904
95.9639 0.505273 -0.286673 1.95826
96.04 0.512207 -0.428763 1.90467
96.1162 0.521982 -0.561798 1.83155
96.1926 0.534567 -0.683474 1.74134
96.2692 0.549921 -0.79205 1.63688
96.3462 0.567989 -0.88638 1.5212
96.4234 0.588701 -0.965896 1.39731
96.501 0.611973 -1.03055 1.26812
96.5789 0.637701 -1.08071 1.13627
96.6572 0.665766 -1.11712 1.00406
96.7359 0.696029 -1.14073 0.873444
96.815 0.728332 -1.15265 0.746
96.8944 0.7625 -1.15408 0.622951
96.9742 0.798339 -1.1462 0.505202
97.0544 0.835638 -1.13019 0.393382
97.135 0.87417 -1.10713 0.287884
97.2159 0.913695 -1.07803 0.188915
97.2972 0.953957 -1.04381 0.0965304
97.3788 0.994691 -1.00528 0.0106739
97.4607 1.03562 -0.963149 -0.0687946
97.5429 1.07647 -0.918035 -0.142073
97.6254 1.11694 -0.87047 -0.209397
97.7083 1.15675 -0.820906 -0.271024
97.7913 1.19561 -0.769725 -0.32722
97.8747 1.23324 -0.717247 -0.378251
97.9582 1.26934 -0.663739 -0.424378
98.042 1.30365 -0.609421 -0.465847
98.126 1.33591 -0.554472 -0.502889
98.2102 1.36586 -0.499037 -0.535717
98.2946 1.39327 -0.443234 -0.564526
98.3791 1.41793 -0.387155 -0.589489
98.4637 1.43963 -0.330872 -0.610756
98.5484 1.45822 -0.274441 -0.62846
98.6333 1.47352 -0.217905 -0.64271
98.7182 1.48544 -0.161295 -0.653595
98.8032 1.49385 -0.104635 -0.661181
98.8883 1.49871 -0.0479428 -0.665517
98.9733 1.49996 0.00876738 -0.666628
99.0584 1.49759 0.0654831 -0.664521
99.1435 1.49162 0.122191 -0.65918
99.2285 1.48211 0.178877 -0.650571
99.3135 1.46912 0.235521 -0.638637
99.3984 1.45275 0.292097 -0.623301
99.4832 1.43314 0.34857 -0.604465
99.568 1.41045 0.404893 -0.58201
99.6526 1.38484 0.461005 -0.555794
99.7371 1.35653 0.516827 -0.525655
99.8214 1.32574 0.572259 -0.491408
99.9056 1.2927 0.627172 -0.45285
99.9896 1.25767 0.681411 -0.409755
100.073 1.22091 0.734779 -0.361881
100.157 1.18271 0.78704 -0.308971
100.24 1.14335 0.837905 -0.250756
100.323 1.10312 0.88703 -0.186962
100.406 1.06231 0.934003 -0.117317
100.489 1.02122 0.978336 -0.041563
100.571 0.980137 1.01946 0.0405308
100.653 0.939342 1.05671 0.129151
100.734 0.899113 1.08933 0.224414
100.815 0.859718 1.11645 0.326344
100.896 0.821411 1.13711 0.434833
100.977 0.784435 1.15024 0.549606
101.057 0.749014 1.1547 0.670177
101.137 0.715359 1.14927 0.7958
101.216 0.68366 1.13275 0.92543
101.295 0.654092 1.10393 1.05767
101.374 0.626808 1.06175 1.19077
101.452 0.601944 1.00532 1.32257
101.53 0.579614 0.934052 1.45057
101.607 0.559916 0.847739 1.57196
101.684 0.542929 0.746677 1.68373
101.761 0.528714 0.631724 1.78277
101.838 0.517318 0.504341 1.8661
101.914 0.508773 0.366585 1.93102
101.99 0.503102 0.221051 1.97534
102.066 0.500313 0.0707525 1.99749
102.142 0.500411 -0.0810333 1.99671
102.218 0.503391 -0.230953 1.97306
102.294 0.50924 -0.37577 1.92742
102.37 0.51794 -0.512541 1.86145
102.447 0.529463 -0.638764 1.77741
102.523 0.543772 -0.752478 1.67801
102.6 0.560818 -0.852311 1.56622
102.677 0.580535 -0.93748 1.4451
102.755 0.602847 -1.00775 1.31759
102.832 0.627656 -1.06334 1.18646
102.911 0.65485 -1.10487 1.05414
102.989 0.684296 -1.13321 0.922711
103.068 0.715845 -1.14943 0.793901
103.147 0.749327 -1.1547 0.669061
103.227 0.784556 -1.15021 0.549214
103.307 0.821326 -1.13715 0.435086
103.388 0.859418 -1.11664 0.327155
103.468 0.898596 -1.08972 0.225695
103.549 0.938609 -1.05735 0.130813
103.631 0.979196 -1.02036 0.0424918
103.713 1.02009 -0.979519 -0.03938
103.795 1.061 -0.93547 -0.114981
103.877 1.10165 -0.888777 -0.184535
103.96 1.14174 -0.839923 -0.248293
104.043 1.181 -0.789314 -0.306518
104.126 1.21912 -0.737295 -0.359478
104.21 1.25584 -0.68415 -0.407436
104.293 1.29086 -0.630116 -0.450644
104.377 1.32392 -0.575387 -0.48934
104.461 1.35478 -0.520121 -0.523743
104.546 1.38318 -0.464446 -0.554056
104.63 1.40891 -0.408462 -0.580459
104.715 1.43175 -0.352249 -0.603112
104.799 1.45154 -0.295869 -0.622154
104.884 1.46811 -0.239368 -0.637703
104.969 1.48132 -0.182783 -0.649856
105.054 1.49108 -0.12614 -0.658687
105.139 1.49729 -0.069458 -0.664252
105.224 1.49991 -0.0127531 -0.666585
105.309 1.49891 0.0439619 -0.6657
105.394 1.49431 0.100675 -0.661589
105.479 1.48613 0.157371 -0.654226
105.564 1.47445 0.214034 -0.643561
105.649 1.45935 0.270639 -0.629527
105.734 1.44096 0.327156 -0.612032
105.819 1.41941 0.383542 -0.590965
105.904 1.39489 0.439742 -0.566195
105.988 1.36758 0.495685 -0.537565
106.073 1.3377 0.551278 -0.5049
106.157 1.30549 0.606405 -0.468003
106.241 1.27118 0.66092 -0.426657
106.325 1.23505 0.714644 -0.380626
106.408 1.19736 0.767356 -0.329658
106.492 1.15841 0.818789 -0.273488
106.575 1.11847 0.868619 -0.211843
106.658 1.07785 0.916461 -0.14445
106.74 1.03683 0.961858 -0.0710433
106.823 0.995708 1.00427 0.00862001
106.905 0.95477 1.04308 0.0947453
106.986 0.914294 1.07755 0.187479
107.068 0.874552 1.10687 0.286885
107.149 0.835803 1.1301 0.392907
107.229 0.798295 1.14622 0.50534
107.31 0.762258 1.1541 0.623784
107.39 0.727909 1.15257 0.747596
107.469 0.695447 1.1404 0.87585
107.548 0.665051 1.11639 1.00729
107.627 0.636883 1.07939 1.14029
107.705 0.611086 1.02846 1.27286
107.783 0.587782 0.962867 1.40262
107.861 0.567075 0.882255 1.52687
107.938 0.549051 0.786721 1.64265
108.015 0.533778 0.676901 1.74688
108.092 0.521308 0.554023 1.83651
108.168 0.511678 0.419925 1.90871
108.245 0.504915 0.277007 1.96107
108.321 0.501032 0.128141 1.99176
108.397 0.500034 -0.0234753 1.99972
108.473 0.501921 -0.174495 1.98469
108.549 0.506683 -0.321614 1.94724
108.625 0.514304 -0.461759 1.88875
108.701 0.52476 -0.592246 1.81126
108.777 0.538017 -0.710901 1.71735
108.854 0.554031 -0.816125 1.60991
108.931 0.572743 -0.906915 1.49197
109.008 0.594081 -0.982833 1.36655
109.086 0.617955 -1.04394 1.23648
109.164 0.644258 -1.09072 1.10435
109.243 0.672866 -1.12394 0.972358
109.321 0.703636 -1.14463 0.842377
109.4 0.736406 -1.15391 0.715894
109.48 0.770995 -1.15299 0.594051
109.56 0.807205 -1.14304 0.477684
109.64 0.844823 -1.12523 0.367359
109.721 0.883617 -1.10063 0.263423
109.802 0.923344 -1.07022 0.166041
109.883 0.963744 -1.03489 0.075239
109.965 1.00455 -0.995428 -0.00906207
110.047 1.04549 -0.952524 -0.0870184
110.129 1.08627 -0.906774 -0.158839
110.212 1.12661 -0.858688 -0.224765
110.295 1.16622 -0.808702 -0.285058
110.378 1.20481 -0.757181 -0.339985
110.461 1.24209 -0.704432 -0.389811
110.545 1.27779 -0.650711 -0.434792
110.629 1.31162 -0.596225 -0.475173
110.713 1.34335 -0.541147 -0.511181
110.797 1.37271 -0.485614 -0.543023
110.881 1.39947 -0.429737 -0.57089
110.966 1.42344 -0.373602 -0.594948
111.05 1.4444 -0.317279 -0.615346
111.135 1.46221 -0.26082 -0.632208
111.22 1.47671 -0.204263 -0.645639
111.305 1.48779 -0.147639 -0.655723
111.39 1.49535 -0.09097 -0.662522
111.475 1.49934 -0.0342723 -0.666079
111.56 1.49972 0.0224404 -0.666415
111.645 1.49648 0.0791555 -0.66353
111.73 1.48965 0.13586 -0.657406
111.815 1.47929 0.192538 -0.648001
111.9 1.46547 0.249168 -0.635254
111.985 1.44831 0.305723 -0.619084
112.07 1.42795 0.362164 -0.599388
112.155 1.40453 0.418443 -0.57604
112.239 1.37826 0.474493 -0.548894
112.324 1.34933 0.530231 -0.517782
112.408 1.31797 0.58555 -0.482515
112.492 1.28443 0.640317 -0.442884
112.576 1.24895 0.694365 -0.39866
112.66 1.21182 0.747489 -0.349597
112.743 1.17332 0.799442 -0.295432
112.827 1.13372 0.849922 -0.235897
112.91 1.09332 0.898568 -0.170717
112.992 1.05242 0.944952 -0.0996223
113.075 1.01131 0.988567 -0.0223598
113.157 0.970265 1.02882 0.0612925
113.239 0.929581 1.06503 0.151506
113.32 0.88953 1.09641 0.248379
113.401 0.850374 1.12206 0.351906
113.482 0.812367 1.14101 0.461942
113.562 0.775745 1.15215 0.578167
113.642 0.740731 1.15434 0.700034
113.722 0.707531 1.14635 0.826732
113.801 0.676331 1.12697 0.957132
113.88 0.6473 1.09502 1.08976
113.959 0.620588 1.04948 1.22275
114.037 0.596325 0.989514 1.35388
114.115 0.574621 0.914617 1.48055
114.192 0.55557 0.824702 1.59991
114.269 0.539246 0.72019 1.70888
114.346 0.525707 0.602084 1.8044
114.423 0.514996 0.47199 1.88353
114.499 0.507143 0.332103 1.94366
114.575 0.502165 0.185132 1.98275
114.651 0.500073 0.034169 1.99942
114.727 0.500866 -0.117472 1.99308
114.803 0.504539 -0.26645 1.96402
114.879 0.511077 -0.409581 1.9133
114.955 0.520461 -0.544019 1.84275
115.032 0.53266 -0.667384 1.75474
115.108 0.547633 -0.777854 1.65208
115.185 0.565329 -0.874203 1.53776
115.262 0.58568 -0.955782 1.41483
115.34 0.608603 -1.02248 1.28621
115.418 0.633999 -1.07461 1.15458
115.496 0.661748 -1.11287 1.0223
115.575 0.691716 -1.13819 0.891361
115.654 0.723747 -1.15166 0.763398
115.733 0.757668 -1.15446 0.63968
115.813 0.793287 -1.1478 0.521154
115.893 0.830397 -1.13285 0.408485
115.973 0.868773 -1.1107 0.302097
116.054 0.908175 -1.08238 0.202218
116.135 0.948351 -1.04882 0.108923
116.217 0.989037 -1.01084 0.02217
116.299 1.02996 -0.96917 -0.0581717
116.381 1.07083 -0.924435 -0.132293
116.464 1.11137 -0.877181 -0.200426
116.546 1.15129 -0.827869 -0.262826
116.629 1.1903 -0.776891 -0.319757
116.713 1.22811 -0.724576 -0.371488
116.796 1.26444 -0.671196 -0.418278
116.88 1.29902 -0.616979 -0.460377
116.964 1.33157 -0.562107 -0.498019
117.048 1.36186 -0.506732 -0.531418
117.132 1.38963 -0.450974 -0.560773
117.217 1.41469 -0.394929 -0.586258
117.302 1.43681 -0.33867 -0.608028
117.386 1.45584 -0.282257 -0.626219
117.471 1.47161 -0.225733 -0.640941
117.556 1.48399 -0.169132 -0.652286
117.641 1.4929 -0.112478 -0.660326
117.726 1.49825 -0.0557892 -0.66511
117.811 1.5 0.000919219 -0.666666
117.896 1.49813 0.0576349 -0.665005
117.981 1.49266 0.114345 -0.660113
118.066 1.48363 0.171035 -0.651959
118.151 1.47112 0.227686 -0.640489
118.236 1.45521 0.284273 -0.625629
118.321 1.43604 0.340763 -0.607285
118.406 1.41377 0.39711 -0.585338
118.49 1.38855 0.453256 -0.559652
118.575 1.36061 0.509123 -0.530066
118.659 1.33014 0.564616 -0.4964
118.744 1.2974 0.61961 -0.458451
118.828 1.26262 0.673952 -0.415998
118.911 1.22609 0.727454 -0.3688
118.995 1.18807 0.779884 -0.316603
119.078 1.14886 0.830962 -0.259138
119.161 1.10873 0.88035 -0.196132
119.244 1.06798 0.927648 -0.127313
119.327 1.02691 0.972379 -0.052419
119.409 0.985812 1.01398 0.0287852
119.491 0.944959 1.05182 0.116493
119.572 0.904636 1.08512 0.210834
119.654 0.86511 1.11306 0.311844
119.735 0.826638 1.13468 0.419438
119.815 0.789464 1.14892 0.533365
119.895 0.753815 1.15464 0.653171
119.975 0.719903 1.15066 0.778151
120.055 0.687923 1.13574 0.907301
120.134 0.658051 1.10869 1.03928
120.212 0.630442 1.06842 1.17238
120.291 0.605236 1.01401 1.3045
120.368 0.582549 0.944811 1.43319
120.446 0.562482 0.860574 1.55567
120.523 0.545115 0.761516 1.66895
120.6 0.530514 0.648412 1.76993
120.677 0.518725 0.522639 1.85561
120.753 0.509785 0.386175 1.92322
120.829 0.503715 0.241546 1.9705
120.905 0.500527 0.0917152 1.99579
120.981 0.500226 -0.0600649 1.9982
121.057 0.502807 -0.21044 1.97767
121.133 0.50826 -0.356147 1.935
121.209 0.516567 -0.494192 1.87172
121.286 0.527702 -0.622004 1.79002
121.362 0.541628 -0.737545 1.69257
121.439 0.558298 -0.839358 1.58232
121.516 0.57765 -0.926583 1.4623
121.594 0.599608 -0.998908 1.33551
121.671 0.624078 -1.0565 1.20473
121.749 0.650949 -1.09993 1.07244
121.828 0.680093 -1.13004 0.940776
121.907 0.71136 -1.14787 0.811516
121.986 0.744585 -1.15458 0.686059
122.066 0.779584 -1.15137 0.565471
122.146 0.816154 -1.13943 0.450518
122.226 0.854077 -1.11988 0.341709
122.307 0.893119 -1.09379 0.239344
122.388 0.933032 -1.06212 0.14355
122.469 0.973555 -1.02573 0.0543259
122.551 1.01442 -0.985375 -0.028429
122.633 1.05535 -0.941734 -0.104885
122.715 1.09605 -0.895377 -0.175262
122.798 1.13624 -0.846796 -0.239806
122.881 1.17563 -0.796409 -0.298781
122.964 1.21393 -0.744566 -0.352454
123.048 1.25085 -0.691562 -0.401089
123.131 1.28612 -0.637638 -0.444939
123.215 1.31948 -0.582995 -0.484246
123.299 1.35065 -0.527796 -0.519231
123.384 1.3794 -0.472171 -0.550098
123.468 1.40551 -0.416224 -0.577032
123.553 1.42877 -0.360039 -0.600196
123.637 1.44899 -0.303679 -0.61973
123.722 1.46601 -0.247193 -0.635756
123.807 1.4797 -0.190617 -0.648374
123.892 1.48994 -0.133981 -0.657661
123.977 1.49664 -0.0773034 -0.663675
124.062 1.49976 -0.0206009 -0.666454
124.147 1.49927 0.0361135 -0.666014
124.232 1.49516 0.0928273 -0.662351
124.317 1.48748 0.149527 -0.65544
124.402 1.47627 0.206195 -0.645236
124.487 1.46164 0.26281 -0.631673
124.572 1.44369 0.319342 -0.614663
124.657 1.42257 0.375749 -0.594098
124.742 1.39845 0.431979 -0.569849
124.826 1.37152 0.487962 -0.541763
124.911 1.34198 0.54361 -0.509667
124.995 1.31007 0.598809 -0.473369
125.079 1.27604 0.653419 -0.432652
125.163 1.24014 0.707265 -0.387284
125.246 1.20266 0.760132 -0.337015
125.33 1.16386 0.811759 -0.281581
125.413 1.12404 0.861832 -0.22071
125.496 1.0835 0.909975 -0.154129
125.579 1.04252 0.955741 -0.0815691
125.661 1.00139 0.998604 -0.00278489
125.664 1 1 -4.89859e-15
