# phi u x y
0 1 1 0
0.05 1 0.99875 0.0499792
0.15 1 0.988771 0.149438
0.25 1 0.968912 0.247404
0.35 1 0.939373 0.342898
0.45 1 0.900447 0.434966
0.55 1 0.852525 0.522687
0.65 1 0.796084 0.605186
0.75 1 0.731689 0.681639
0.85 1 0.659983 0.75128
0.95 1 0.581683 0.813416
1.05 1 0.497571 0.867423
1.15 1 0.408487 0.912764
1.25 1 0.315322 0.948985
1.35 1 0.219007 0.975723
1.45 1 0.120503 0.992713
1.55 1 0.0207948 0.999784
1.65 1 -0.0791209 0.996865
1.75 1 -0.178246 0.983986
1.85 1 -0.27559 0.961275
1.95 1 -0.370181 0.92896
2.05 1 -0.461073 0.887362
2.15 1 -0.547358 0.836899
2.25 1 -0.628174 0.778073
2.35 1 -0.702713 0.711473
2.45 1 -0.770231 0.637765
2.55 1 -0.830054 0.557684
2.65 1 -0.881582 0.472031
2.75 1 -0.924302 0.381661
2.85 1 -0.957787 0.287478
2.95 1 -0.981702 0.190423
3.05 1 -0.995808 0.0914646
3.15 1 -0.999965 -0.00840725
3.25 1 -0.99413 -0.108195
3.35 1 -0.978362 -0.206902
3.45 1 -0.952818 -0.303542
3.55 1 -0.917755 -0.397148
3.65 1 -0.873521 -0.486787
3.75 1 -0.820559 -0.571561
3.85 1 -0.759399 -0.650625
3.95 1 -0.690651 -0.723188
4.05 1 -0.615002 -0.788525
4.15 1 -0.533209 -0.845984
4.25 1 -0.446087 -0.894989
4.35 1 -0.354509 -0.935053
4.45 1 -0.259389 -0.965773
4.55 1 -0.161676 -0.986844
4.65 1 -0.0623485 -0.998054
4.75 1 0.0376022 -0.999293
4.85 1 0.137177 -0.990547
4.95 1 0.235381 -0.971903
5.05 1 0.331234 -0.943549
5.15 1 0.423777 -0.905767
5.25 1 0.512085 -0.858934
5.35 1 0.595278 -0.80352
5.45 1 0.672522 -0.740077
5.55 1 0.743046 -0.66924
5.65 1 0.806147 -0.591716
5.75 1 0.861192 -0.508279
5.85 1 0.907633 -0.419764
5.95 1 0.945005 -0.327055
6.05 1 0.972935 -0.231078
6.15 1 0.991144 -0.132792
6.25 1 0.999449 -0.0331792
6.35 1 0.997769 0.066765
6.45 1 0.986119 0.166042
6.55 1 0.964616 0.26366
6.65 1 0.933474 0.358644
6.75 1 0.893006 0.450044
6.85 1 0.843616 0.536948
6.95 1 0.785796 0.618486
7.05 1 0.720124 0.693845
7.15 1 0.647258 0.762271
7.25 1 0.567924 0.823081
7.35 1 0.482916 0.875667
7.45 1 0.393083 0.919503
7.55 1 0.299322 0.954152
7.65 1 0.20257 0.979268
7.75 1 0.103794 0.994599
7.85 1 0.00398162 0.999992
7.95 1 -0.0958709 0.995394
8.05 1 -0.194765 0.98085
8.15 1 -0.291714 0.956506
8.25 1 -0.385748 0.922604
8.35 1 -0.475928 0.879484
8.45 1 -0.561352 0.827577
8.55 1 -0.641167 0.767401
8.65 1 -0.714576 0.699557
8.75 1 -0.780846 0.624724
8.85 1 -0.839313 0.543648
8.95 1 -0.889394 0.457141
9.05 1 -0.930589 0.366066
9.15 1 -0.962485 0.271333
9.25 1 -0.984765 0.173889
9.35 1 -0.997205 0.0747083
9.45 1 -0.999682 -0.0252194
9.55 1 -0.99217 -0.124895
9.65 1 -0.974745 -0.223323
9.75 1 -0.94758 -0.319519
9.85 1 -0.910947 -0.412523
9.95 1 -0.865213 -0.501405
10.05 1 -0.810833 -0.585277
10.15 1 -0.748352 -0.663302
10.25 1 -0.678394 -0.734698
10.35 1 -0.601657 -0.798754
10.45 1 -0.518909 -0.854829
10.55 1 -0.430976 -0.902363
10.65 1 -0.338737 -0.940881
10.75 1 -0.243113 -0.969998
10.85 1 -0.145061 -0.989423
10.95 1 -0.0455585 -0.998962
11.05 1 0.0543988 -0.998519
11.15 1 0.153813 -0.9881
11.25 1 0.25169 -0.967808
11.35 1 0.347052 -0.937846
11.45 1 0.438946 -0.898513
11.55 1 0.526455 -0.850203
11.65 1 0.608704 -0.793398
11.75 1 0.68487 -0.728665
11.85 1 0.754194 -0.656652
11.95 1 0.815982 -0.578077
12.05 1 0.869617 -0.493727
12.15 1 0.914563 -0.404444
12.25 1 0.950371 -0.311119
12.35 1 0.976683 -0.214686
12.45 1 0.993237 -0.116108
12.55 1 0.999866 -0.0163699
12.65 1 0.996505 0.0835319
12.75 1 0.983187 0.182599
12.85 1 0.960046 0.279842
12.95 1 0.927312 0.374289
13.05 1 0.885313 0.464995
13.15 1 0.834468 0.551056
13.25 1 0.775285 0.631611
13.35 1 0.708356 0.705855
13.45 1 0.63435 0.773046
13.55 1 0.554005 0.832514
13.65 1 0.468124 0.883663
13.75 1 0.377567 0.925982
13.85 1 0.283236 0.95905
13.95 1 0.186076 0.982535
14.05 1 0.0870566 0.996203
14.15 1 -0.0128327 0.999918
14.25 1 -0.112594 0.993641
14.35 1 -0.21123 0.977436
14.45 1 -0.307755 0.951466
14.55 1 -0.401206 0.915988
14.65 1 -0.490648 0.871358
14.75 1 -0.575187 0.818022
14.85 1 -0.65398 0.756512
14.95 1 -0.726238 0.687444
15.05 1 -0.791239 0.611507
15.15 1 -0.848335 0.529459
15.25 1 -0.896955 0.442122
15.35 1 -0.936612 0.350367
15.45 1 -0.966912 0.255112
15.55 1 -0.98755 0.157307
15.65 1 -0.998321 0.0579308
15.75 1 -0.999117 -0.0420244
15.85 1 -0.98993 -0.14156
15.95 1 -0.970852 -0.23968
16.05 1 -0.942073 -0.335407
16.15 1 -0.903882 -0.427781
16.25 1 -0.85666 -0.515882
16.35 1 -0.800878 -0.598828
16.45 1 -0.737094 -0.675791
16.55 1 -0.665945 -0.746001
16.65 1 -0.588142 -0.808758
16.75 1 -0.504463 -0.863433
16.85 1 -0.415743 -0.909482
16.95 1 -0.322869 -0.946444
17.05 1 -0.22677 -0.973948
17.15 1 -0.128404 -0.991722
17.25 1 -0.0287556 -0.999586
17.35 1 0.0711802 -0.997463
17.45 1 0.170405 -0.985374
17.55 1 0.267927 -0.963439
17.65 1 0.362772 -0.931878
17.75 1 0.453992 -0.891006
17.85 1 0.540676 -0.841231
17.95 1 0.621958 -0.783051
18.05 1 0.697025 -0.717047
18.15 1 0.765128 -0.643878
18.25 1 0.825586 -0.564276
18.35 1 0.877795 -0.479036
18.45 1 0.921234 -0.389009
18.55 1 0.955468 -0.295096
18.65 1 0.980155 -0.198234
18.75 1 0.995048 -0.0993915
18.85 1 1 0.000444078
18.95 1 0.99496 0.100275
19.05 1 0.979978 0.199105
19.15 1 0.955205 0.295944
19.25 1 0.920888 0.389827
19.35 1 0.87737 0.479815
19.45 1 0.825085 0.565009
19.55 1 0.764556 0.644557
19.65 1 0.696388 0.717665
19.75 1 0.621262 0.783603
19.85 1 0.539929 0.841711
19.95 1 0.4532 0.891409
20.05 1 0.361944 0.9322
20.15 1 0.267071 0.963677
20.25 1 0.16953 0.985525
20.35 1 0.0702942 0.997526
20.45 1 -0.0296434 0.999561
20.55 1 -0.129285 0.991607
20.65 1 -0.227635 0.973747
20.75 1 -0.32371 0.946156
20.85 1 -0.416551 0.909113
20.95 1 -0.505229 0.862985
21.05 1 -0.58886 0.808235
21.15 1 -0.666607 0.745409
21.25 1 -0.737694 0.675136
21.35 1 -0.801409 0.598116
21.45 1 -0.857118 0.515121
21.55 1 -0.904262 0.426978
21.65 1 -0.942371 0.33457
21.75 1 -0.971064 0.238818
21.85 1 -0.990055 0.14068
21.95 1 -0.999154 0.041137
22.05 1 -0.998269 -0.0588175
22.15 1 -0.98741 -0.158184
22.25 1 -0.966685 -0.25597
22.35 1 -0.936301 -0.351199
22.45 1 -0.896562 -0.442919
22.55 1 -0.847865 -0.530213
22.65 1 -0.790696 -0.612209
22.75 1 -0.725627 -0.688088
22.85 1 -0.653307 -0.757093
22.95 1 -0.574461 -0.818532
23.05 1 -0.489874 -0.871793
23.15 1 -0.400392 -0.916344
23.25 1 -0.30691 -0.951738
23.35 1 -0.210362 -0.977624
23.45 1 -0.111711 -0.993741
23.55 1 -0.0119446 -0.999929
23.65 1 0.0879414 -0.996126
23.75 1 0.186949 -0.98237
23.85 1 0.284088 -0.958798
23.95 1 0.378389 -0.925647
24.05 1 0.468909 -0.883247
24.15 1 0.554744 -0.832021
24.25 1 0.635036 -0.772483
24.35 1 0.708983 -0.705226
24.45 1 0.775846 -0.630922
24.55 1 0.834957 -0.550315
24.65 1 0.885726 -0.464209
24.75 1 0.927644 -0.373465
24.85 1 0.960294 -0.278989
24.95 1 0.983349 -0.181726
25.05 1 0.996579 -0.0826469
25.15 1 0.999851 0.0172579
25.25 1 0.993133 0.11699
25.35 1 0.976492 0.215554
25.45 1 0.950094 0.311963
25.55 1 0.914203 0.405256
25.65 1 0.869178 0.494499
25.75 1 0.815468 0.578802
25.85 1 0.75361 0.657321
25.95 1 0.684223 0.729273
26.05 1 0.607999 0.793938
26.15 1 0.5257 0.85067
26.25 1 0.438148 0.898903
26.35 1 0.346219 0.938154
26.45 1 0.25083 0.968031
26.55 1 0.152935 0.988236
26.65 1 0.053512 0.998567
26.75 1 -0.0464457 0.998921
26.85 1 -0.145939 0.989294
26.95 1 -0.243975 0.969782
27.05 1 -0.339573 0.94058
27.15 1 -0.431777 0.90198
27.25 1 -0.519668 0.854368
27.35 1 -0.602366 0.79822
27.45 1 -0.679046 0.734096
27.55 1 -0.748941 0.662637
27.65 1 -0.811353 0.584557
27.75 1 -0.865658 0.500636
27.85 1 -0.911313 0.411714
27.95 1 -0.947863 0.318677
28.05 1 -0.974943 0.222457
28.15 1 -0.99228 0.124014
28.25 1 -0.999704 0.0243315
28.35 1 -0.997139 -0.0755939
28.45 1 -0.98461 -0.174764
28.55 1 -0.962244 -0.272188
28.65 1 -0.930263 -0.366892
28.75 1 -0.888988 -0.457931
28.85 1 -0.83883 -0.544394
28.95 1 -0.780291 -0.625417
29.05 1 -0.713955 -0.700192
29.15 1 -0.640485 -0.76797
29.25 1 -0.560617 -0.828076
29.35 1 -0.475146 -0.879907
29.45 1 -0.384928 -0.922946
29.55 1 -0.290864 -0.956764
29.65 1 -0.193894 -0.981022
29.75 1 -0.0949868 -0.995479
29.85 1 0.00486977 -0.999988
29.95 1 0.104678 -0.994506
30.05 1 0.20344 -0.979087
30.15 1 0.300169 -0.953886
30.25 1 0.393899 -0.919154
30.35 1 0.483693 -0.875237
30.45 1 0.568655 -0.822576
30.55 1 0.647935 -0.761696
30.65 1 0.72074 -0.693205
30.75 1 0.786345 -0.617788
30.85 1 0.844092 -0.536198
30.95 1 0.893406 -0.449251
31.05 1 0.933793 -0.357815
31.15 1 0.964849 -0.262803
31.25 1 0.986266 -0.165166
31.35 1 0.997828 -0.0658788
31.45 1 0.99942 0.0340669
31.55 1 0.991026 0.133672
31.65 1 0.97273 0.231942
31.75 1 0.944715 0.327894
31.85 1 0.90726 0.42057
31.95 1 0.860741 0.509044
32.05 1 0.805621 0.592431
32.15 1 0.742452 0.6699
32.25 1 0.671864 0.740674
32.35 1 0.594564 0.804049
32.45 1 0.511322 0.859389
32.55 1 0.422972 0.906143
32.65 1 0.330396 0.943842
32.75 1 0.234518 0.972112
32.85 1 0.136297 0.990668
32.95 1 0.0367146 0.999326
33.05 1 -0.0632349 0.997999
33.15 1 -0.162553 0.9867
33.25 1 -0.260246 0.965542
33.35 1 -0.355339 0.934737
33.45 1 -0.446882 0.894593
33.55 1 -0.53396 0.84551
33.65 1 -0.615702 0.787979
33.75 1 -0.691293 0.722574
33.85 1 -0.759977 0.64995
33.95 1 -0.821067 0.570832
34.05 1 -0.873953 0.486011
34.15 1 -0.918107 0.396333
34.25 1 -0.953087 0.302695
34.35 1 -0.978545 0.206033
34.45 1 -0.994225 0.107312
34.55 1 -0.999972 0.00751912
34.65 1 -0.995727 -0.092349
34.75 1 -0.981533 -0.191294
34.85 1 -0.957532 -0.288329
34.95 1 -0.923963 -0.382482
35.05 1 -0.881163 -0.472813
35.15 1 -0.829558 -0.558421
35.25 1 -0.769665 -0.638449
35.35 1 -0.702081 -0.712097
35.45 1 -0.627482 -0.778631
35.55 1 -0.546614 -0.837385
35.65 1 -0.460284 -0.887772
35.75 1 -0.369356 -0.929288
35.85 1 -0.274736 -0.96152
35.95 1 -0.177372 -0.984144
36.05 1 -0.0782355 -0.996935
36.15 1 0.0216828 -0.999765
36.25 1 0.121384 -0.992606
36.35 1 0.219873 -0.975528
36.45 1 0.316165 -0.948704
36.55 1 0.409298 -0.912401
36.65 1 0.498341 -0.866981
36.75 1 0.582405 -0.812899
36.85 1 0.66065 -0.750694
36.95 1 0.732294 -0.680989
37.05 1 0.796621 -0.604479
37.15 1 0.852988 -0.52193
37.25 1 0.900833 -0.434166
37.35 1 0.939677 -0.342063
37.45 1 0.969132 -0.246543
37.55 1 0.988903 -0.14856
37.65 1 0.998794 -0.0490921
37.75 1 0.998705 0.0508662
37.85 1 0.988638 0.150316
37.95 1 0.968692 0.248264
38.05 1 0.939068 0.343732
38.15 1 0.90006 0.435765
38.25 1 0.85206 0.523444
38.35 1 0.795546 0.605893
38.45 1 0.731083 0.682288
38.55 1 0.659316 0.751866
38.65 1 0.58096 0.813932
38.75 1 0.4968 0.867865
38.85 1 0.407677 0.913126
38.95 1 0.314479 0.949264
39.05 1 0.21814 0.975917
39.15 1 0.119621 0.99282
39.25 1 0.0199069 0.999802
39.35 1 -0.0800062 0.996794
39.45 1 -0.17912 0.983827
39.55 1 -0.276444 0.96103
39.65 1 -0.371006 0.928631
39.75 1 -0.461861 0.886953
39.85 1 -0.548101 0.836412
39.95 1 -0.628864 0.777515
40.05 1 -0.703345 0.710849
40.15 1 -0.770797 0.63708
40.25 1 -0.830549 0.556946
40.35 1 -0.882001 0.471247
40.45 1 -0.924641 0.38084
40.55 1 -0.958042 0.286627
40.65 1 -0.981871 0.189551
40.75 1 -0.995889 0.0905802
40.85 1 -0.999957 -0.00929537
40.95 1 -0.994033 -0.109078
41.05 1 -0.978178 -0.207771
41.15 1 -0.952548 -0.304388
41.25 1 -0.917401 -0.397963
41.35 1 -0.873088 -0.487562
41.45 1 -0.820051 -0.57229
41.55 1 -0.758821 -0.651299
41.65 1 -0.690009 -0.723801
41.75 1 -0.614302 -0.789071
41.85 1 -0.532457 -0.846457
41.95 1 -0.445292 -0.895385
42.05 1 -0.353678 -0.935367
42.15 1 -0.258531 -0.966003
42.25 1 -0.1608 -0.986987
42.35 1 -0.0614621 -0.998109
42.45 1 0.0384897 -0.999259
42.55 1 0.138057 -0.990424
42.65 1 0.236245 -0.971694
42.75 1 0.332072 -0.943254
42.85 1 0.424581 -0.90539
42.95 1 0.512848 -0.858479
43.05 1 0.595991 -0.802991
43.15 1 0.673179 -0.73948
43.25 1 0.743641 -0.66858
43.35 1 0.806672 -0.590999
43.45 1 0.861644 -0.507514
43.55 1 0.908006 -0.418958
43.65 1 0.945295 -0.326215
43.75 1 0.97314 -0.230214
43.85 1 0.991261 -0.131912
43.95 1 0.999478 -0.0322915
44.05 1 0.997709 0.0676511
44.15 1 0.985971 0.166918
44.25 1 0.964381 0.264517
44.35 1 0.933156 0.359473
44.45 1 0.892606 0.450837
44.55 1 0.843138 0.537697
44.65 1 0.785246 0.619184
44.75 1 0.719508 0.694484
44.85 1 0.646581 0.762846
44.95 1 0.567193 0.823585
45.05 1 0.482138 0.876095
45.15 1 0.392266 0.919852
45.25 1 0.298474 0.954418
45.35 1 0.2017 0.979447
45.45 1 0.102911 0.994691
45.55 1 0.00309347 0.999995
45.65 1 -0.0967549 0.995308
45.75 1 -0.195637 0.980676
45.85 1 -0.292563 0.956246
45.95 1 -0.386567 0.922261
46.05 1 -0.476708 0.879061
46.15 1 -0.562087 0.827078
46.25 1 -0.641849 0.766831
46.35 1 -0.715197 0.698922
46.45 1 -0.7814 0.62403
46.55 1 -0.839796 0.542903
46.65 1 -0.8898 0.456351
46.75 1 -0.930914 0.365239
46.85 1 -0.962726 0.270478
46.95 1 -0.984919 0.173015
47.05 1 -0.997271 0.0738226
47.15 1 -0.999659 -0.0261072
47.25 1 -0.992059 -0.125776
47.35 1 -0.974546 -0.224188
47.45 1 -0.947296 -0.320361
47.55 1 -0.91058 -0.413332
47.65 1 -0.864767 -0.502173
47.75 1 -0.810313 -0.585997
47.85 1 -0.747763 -0.663966
47.95 1 -0.677741 -0.735301
48.05 1 -0.600948 -0.799288
48.15 1 -0.51815 -0.85529
48.25 1 -0.430175 -0.902746
48.35 1 -0.337901 -0.941182
48.45 1 -0.242252 -0.970213
48.55 1 -0.144182 -0.989551
48.65 1 -0.0446713 -0.999002
48.75 1 0.0552857 -0.998471
48.85 1 0.15469 -0.987963
48.95 1 0.252549 -0.967584
49.05 1 0.347885 -0.937537
49.15 1 0.439744 -0.898123
49.25 1 0.52721 -0.849735
49.35 1 0.609408 -0.792857
49.45 1 0.685517 -0.728056
49.55 1 0.754777 -0.655982
49.65 1 0.816495 -0.577353
49.75 1 0.870055 -0.492955
49.85 1 0.914922 -0.403631
49.95 1 0.950647 -0.310275
50.05 1 0.976873 -0.213819
50.15 1 0.993339 -0.115226
50.25 1 0.99988 -0.0154818
50.35 1 0.996431 0.084417
50.45 1 0.983025 0.183472
50.55 1 0.959797 0.280694
50.65 1 0.92698 0.375112
50.75 1 0.8849 0.465781
50.85 1 0.833978 0.551797
50.95 1 0.774724 0.632299
51.05 1 0.707729 0.706484
51.15 1 0.633663 0.773609
51.25 1 0.553265 0.833005
51.35 1 0.467339 0.884078
51.45 1 0.376744 0.926317
51.55 1 0.282384 0.959301
51.65 1 0.185203 0.9827
51.75 1 0.0861718 0.99628
51.85 1 -0.0137208 0.999906
51.95 1 -0.113476 0.993541
52.05 1 -0.212098 0.977248
52.15 1 -0.3086 0.951192
52.25 1 -0.402019 0.915631
52.35 1 -0.491422 0.870922
52.45 1 -0.575914 0.817511
52.55 1 -0.654651 0.755931
52.65 1 -0.726848 0.686798
52.75 1 -0.791782 0.610804
52.85 1 -0.848805 0.528706
52.95 1 -0.897347 0.441325
53.05 1 -0.936923 0.349535
53.15 1 -0.967138 0.254253
53.25 1 -0.987689 0.15643
53.35 1 -0.998372 0.0570441
53.45 1 -0.999079 -0.0429117
53.55 1 -0.989804 -0.142439
53.65 1 -0.970639 -0.240543
53.75 1 -0.941775 -0.336243
53.85 1 -0.903502 -0.428584
53.95 1 -0.856201 -0.516642
54.05 1 -0.800346 -0.599539
54.15 1 -0.736493 -0.676445
54.25 1 -0.665282 -0.746592
54.35 1 -0.587423 -0.80928
54.45 1 -0.503696 -0.863881
54.55 1 -0.414935 -0.909851
54.65 1 -0.322029 -0.94673
54.75 1 -0.225904 -0.974149
54.85 1 -0.127523 -0.991836
54.95 1 -0.0278678 -0.999612
55.05 1 0.072066 -0.9974
55.15 1 0.17128 -0.985222
55.25 1 0.268782 -0.963201
55.35 1 0.363599 -0.931556
55.45 1 0.454783 -0.890602
55.55 1 0.541423 -0.84075
55.65 1 0.622653 -0.782498
55.75 1 0.697662 -0.716427
55.85 1 0.7657 -0.643198
55.95 1 0.826087 -0.563542
56.05 1 0.87822 -0.478256
56.15 1 0.921579 -0.388191
56.25 1 0.955729 -0.294247
56.35 1 0.98033 -0.197363
56.45 1 0.995136 -0.0985077
56.55 1 0.999999 0.00133223
56.65 1 0.99487 0.101159
56.75 1 0.979801 0.199975
56.85 1 0.954942 0.296793
56.95 1 0.920541 0.390645
57.05 1 0.876943 0.480594
57.15 1 0.824583 0.565742
57.25 1 0.763983 0.645236
57.35 1 0.69575 0.718284
57.45 1 0.620566 0.784154
57.55 1 0.539181 0.84219
57.65 1 0.452408 0.891811
57.75 1 0.361116 0.932521
57.85 1 0.266215 0.963914
57.95 1 0.168654 0.985675
58.05 1 0.0694082 0.997588
58.15 1 -0.0305312 0.999534
58.25 1 -0.130166 0.991492
58.35 1 -0.228499 0.973544
58.45 1 -0.32455 0.945869
58.55 1 -0.417358 0.908742
58.65 1 -0.505996 0.862536
58.75 1 -0.589578 0.807712
58.85 1 -0.667269 0.744817
58.95 1 -0.738293 0.67448
59.05 1 -0.80194 0.597404
59.15 1 -0.857575 0.514359
59.25 1 -0.904641 0.426175
59.35 1 -0.942668 0.333733
59.45 1 -0.971276 0.237956
59.55 1 -0.99018 0.139801
59.65 1 -0.99919 0.0402495
59.75 1 -0.998216 -0.0597041
59.85 1 -0.987269 -0.159061
59.95 1 -0.966457 -0.256829
60.05 1 -0.935989 -0.35203
60.15 1 -0.896168 -0.443715
60.25 1 -0.847393 -0.530966
60.35 1 -0.790152 -0.612911
60.45 1 -0.725015 -0.688733
60.55 1 -0.652635 -0.757673
60.65 1 -0.573733 -0.819042
60.75 1 -0.489099 -0.872228
60.85 1 -0.399578 -0.916699
60.95 1 -0.306065 -0.952011
61.05 1 -0.209493 -0.97781
61.15 1 -0.110829 -0.99384
61.25 1 -0.0110565 -0.999939
61.35 1 0.088826 -0.996047
61.45 1 0.187821 -0.982203
61.55 1 0.284939 -0.958546
61.65 1 0.379211 -0.92531
61.75 1 0.469693 -0.88283
61.85 1 0.555483 -0.831528
61.95 1 0.635722 -0.771918
62.05 1 0.709609 -0.704596
62.15 1 0.776406 -0.630233
62.25 1 0.835446 -0.549573
62.35 1 0.886138 -0.463422
62.45 1 0.927976 -0.372641
62.55 1 0.960542 -0.278136
62.65 1 0.98351 -0.180852
62.75 1 0.996652 -0.0817617
62.85 1 0.999835 0.0181459
62.95 1 0.993029 0.117872
63.05 1 0.9763 0.216421
63.15 1 0.949817 0.312807
63.25 1 0.913843 0.406068
63.35 1 0.868738 0.495271
63.45 1 0.814954 0.579526
63.55 1 0.753026 0.65799
63.65 1 0.683575 0.72988
63.75 1 0.607293 0.794478
63.85 1 0.524944 0.851137
63.95 1 0.43735 0.899292
64.05 1 0.345385 0.938461
64.15 1 0.24997 0.968254
64.25 1 0.152057 0.988372
64.35 1 0.0526251 0.998614
64.45 1 -0.0473329 0.998879
64.55 1 -0.146818 0.989164
64.65 1 -0.244836 0.969564
64.75 1 -0.340408 0.940278
64.85 1 -0.432578 0.901596
64.95 1 -0.520427 0.853906
65.05 1 -0.603075 0.797684
65.15 1 -0.679698 0.733492
65.25 1 -0.749529 0.661971
65.35 1 -0.811872 0.583836
65.45 1 -0.866102 0.499867
65.55 1 -0.911678 0.410904
65.65 1 -0.948146 0.317835
65.75 1 -0.97514 0.221591
65.85 1 -0.99239 0.123132
65.95 1 -0.999725 0.0234436
66.05 1 -0.997071 -0.0764795
66.15 1 -0.984455 -0.175638
66.25 1 -0.962002 -0.273042
66.35 1 -0.929937 -0.367718
66.45 1 -0.888581 -0.45872
66.55 1 -0.838346 -0.545138
66.65 1 -0.779735 -0.62611
66.75 1 -0.713333 -0.700826
66.85 1 -0.639803 -0.768539
66.95 1 -0.559881 -0.828573
67.05 1 -0.474365 -0.880329
67.15 1 -0.384108 -0.923288
67.25 1 -0.290015 -0.957022
67.35 1 -0.193023 -0.981194
67.45 1 -0.0941026 -0.995563
67.55 1 0.00575792 -0.999983
67.65 1 0.105561 -0.994413
67.75 1 0.204309 -0.978906
67.85 1 0.301016 -0.953619
67.95 1 0.394715 -0.918803
68.05 1 0.484471 -0.874808
68.15 1 0.569385 -0.822071
68.25 1 0.648611 -0.76112
68.35 1 0.721356 -0.692565
68.45 1 0.786893 -0.617089
68.55 1 0.844568 -0.535448
68.65 1 0.893804 -0.448457
68.75 1 0.93411 -0.356985
68.85 1 0.965082 -0.261946
68.95 1 0.986412 -0.16429
69.05 1 0.997886 -0.0649925
69.15 1 0.999389 0.0349545
69.25 1 0.990906 0.134552
69.35 1 0.972523 0.232806
69.45 1 0.944423 0.328733
69.55 1 0.906886 0.421376
69.65 1 0.860288 0.509808
69.75 1 0.805094 0.593147
69.85 1 0.741856 0.670559
69.95 1 0.671206 0.741271
70.05 1 0.593849 0.804576
70.15 1 0.510559 0.859843
70.25 1 0.422167 0.906518
70.35 1 0.329557 0.944136
70.45 1 0.233655 0.97232
70.55 1 0.135417 0.990789
70.65 1 0.035827 0.999358
70.75 1 -0.0641213 0.997942
70.85 1 -0.163429 0.986555
70.95 1 -0.261104 0.965311
71.05 1 -0.356169 0.934421
71.15 1 -0.447677 0.894196
71.25 1 -0.534711 0.845035
71.35 1 -0.616402 0.787432
71.45 1 -0.691935 0.72196
71.55 1 -0.760554 0.649275
71.65 1 -0.821573 0.570103
71.75 1 -0.874384 0.485234
71.85 1 -0.918459 0.395517
71.95 1 -0.953356 0.301849
72.05 1 -0.978728 0.205164
72.15 1 -0.99432 0.106429
72.25 1 -0.999978 0.00663098
72.35 1 -0.995644 -0.0932334
72.45 1 -0.981362 -0.192166
72.55 1 -0.957275 -0.289179
72.65 1 -0.923623 -0.383302
72.75 1 -0.880742 -0.473596
72.85 1 -0.829062 -0.559157
72.95 1 -0.769097 -0.639132
73.05 1 -0.701448 -0.71272
73.15 1 -0.626791 -0.779188
73.25 1 -0.54587 -0.83787
73.35 1 -0.459496 -0.88818
73.45 1 -0.36853 -0.929616
73.55 1 -0.273882 -0.961763
73.65 1 -0.176498 -0.984301
73.75 1 -0.07735 -0.997004
73.85 1 0.0225707 -0.999745
73.95 1 0.122266 -0.992497
74.05 1 0.22074 -0.975333
74.15 1 0.317008 -0.948423
74.25 1 0.410108 -0.912037
74.35 1 0.499111 -0.866538
74.45 1 0.583127 -0.812381
74.55 1 0.661317 -0.750107
74.65 1 0.732899 -0.680338
74.75 1 0.797158 -0.603771
74.85 1 0.853452 -0.521172
74.95 1 0.901218 -0.433365
75.05 1 0.93998 -0.341229
75.15 1 0.96935 -0.245682
75.25 1 0.989035 -0.147682
75.35 1 0.998837 -0.048205
75.45 1 0.99866 0.0517532
75.55 1 0.988504 0.151194
75.65 1 0.968471 0.249125
75.75 1 0.938762 0.344566
75.85 1 0.899673 0.436564
75.95 1 0.851595 0.524201
76.05 1 0.795008 0.6066
76.15 1 0.730477 0.682937
76.25 1 0.658648 0.752452
76.35 1 0.580237 0.814447
76.45 1 0.496029 0.868306
76.55 1 0.406865 0.913488
76.65 1 0.313636 0.949543
76.75 1 0.217273 0.976111
76.85 1 0.118739 0.992925
76.95 1 0.0190189 0.999819
77.05 1 -0.0808915 0.996723
77.15 1 -0.179994 0.983668
77.25 1 -0.277297 0.960784
77.35 1 -0.37183 0.928301
77.45 1 -0.462648 0.886542
77.55 1 -0.548843 0.835925
77.65 1 -0.629555 0.776956
77.75 1 -0.703976 0.710224
77.85 1 -0.771363 0.636396
77.95 1 -0.831043 0.556208
78.05 1 -0.882419 0.470464
78.15 1 -0.924979 0.380019
78.25 1 -0.958296 0.285776
78.35 1 -0.982039 0.188679
78.45 1 -0.995969 0.0896956
78.55 1 -0.999948 -0.0101835
78.65 1 -0.993936 -0.109961
78.75 1 -0.977993 -0.20864
78.85 1 -0.952278 -0.305234
78.95 1 -0.917048 -0.398778
79.05 1 -0.872655 -0.488338
79.15 1 -0.819543 -0.573018
79.25 1 -0.758242 -0.651973
79.35 1 -0.689365 -0.724414
79.45 1 -0.613601 -0.789616
79.55 1 -0.531705 -0.84693
79.65 1 -0.444497 -0.89578
79.75 1 -0.352848 -0.935681
79.85 1 -0.257673 -0.966232
79.95 1 -0.159923 -0.987129
80.05 1 -0.0605756 -0.998164
80.15 1 0.0393772 -0.999224
80.25 1 0.138936 -0.990301
80.35 1 0.237107 -0.971483
80.45 1 0.332909 -0.942959
80.55 1 0.425385 -0.905012
80.65 1 0.51361 -0.858024
80.75 1 0.596704 -0.802461
80.85 1 0.673835 -0.738882
80.95 1 0.744234 -0.667919
81.05 1 0.807197 -0.590283
81.15 1 0.862094 -0.506749
81.25 1 0.908377 -0.418151
81.35 1 0.945585 -0.325376
81.45 1 0.973344 -0.229349
81.55 1 0.991378 -0.131031
81.65 1 0.999507 -0.0314038
81.75 1 0.997649 0.0685372
81.85 1 0.985822 0.167793
81.95 1 0.964146 0.265373
82.05 1 0.932836 0.360301
82.15 1 0.892206 0.45163
82.25 1 0.84266 0.538445
82.35 1 0.784696 0.619881
82.45 1 0.718891 0.695123
82.55 1 0.645903 0.76342
82.65 1 0.566461 0.824088
82.75 1 0.48136 0.876523
82.85 1 0.391449 0.9202
82.95 1 0.297626 0.954682
83.05 1 0.20083 0.979626
83.15 1 0.102027 0.994782
83.25 1 0.00220532 0.999998
83.35 1 -0.0976389 0.995222
83.45 1 -0.196507 0.980502
83.55 1 -0.293413 0.955986
83.65 1 -0.387386 0.921918
83.75 1 -0.477489 0.878638
83.85 1 -0.562821 0.826579
83.95 1 -0.642529 0.766261
84.05 1 -0.715818 0.698287
84.15 1 -0.781954 0.623336
84.25 1 -0.840277 0.542157
84.35 1 -0.890205 0.45556
84.45 1 -0.931238 0.364412
84.55 1 -0.962966 0.269623
84.65 1 -0.985073 0.17214
84.75 1 -0.997337 0.0729368
84.85 1 -0.999636 -0.0269951
84.95 1 -0.991947 -0.126657
85.05 1 -0.974346 -0.225054
85.15 1 -0.947011 -0.321202
85.25 1 -0.910213 -0.414141
85.35 1 -0.864321 -0.502941
85.45 1 -0.809792 -0.586717
85.55 1 -0.747173 -0.66463
85.65 1 -0.677088 -0.735902
85.75 1 -0.600237 -0.799822
85.85 1 -0.51739 -0.85575
85.95 1 -0.429373 -0.903127
86.05 1 -0.337065 -0.941481
86.15 1 -0.24139 -0.970428
86.25 1 -0.143303 -0.989679
86.35 1 -0.043784 -0.999041
86.45 1 0.0561724 -0.998421
86.55 1 0.155568 -0.987825
86.65 1 0.253408 -0.967359
86.75 1 0.348717 -0.937228
86.85 1 0.440542 -0.897732
86.95 1 0.527965 -0.849266
87.05 1 0.610112 -0.792315
87.15 1 0.686164 -0.727447
87.25 1 0.755359 -0.655311
87.35 1 0.817007 -0.576627
87.45 1 0.870492 -0.492182
87.55 1 0.91528 -0.402819
87.65 1 0.950922 -0.309431
87.75 1 0.977063 -0.212951
87.85 1 0.993441 -0.114344
87.95 1 0.999894 -0.0145938
88.05 1 0.996355 0.0853019
88.15 1 0.982862 0.184345
88.25 1 0.959548 0.281547
88.35 1 0.926646 0.375935
88.45 1 0.884486 0.466567
88.55 1 0.833488 0.552538
88.65 1 0.774162 0.632987
88.75 1 0.707101 0.707112
88.85 1 0.632975 0.774172
88.95 1 0.552525 0.833496
89.05 1 0.466554 0.884493
89.15 1 0.375921 0.926652
89.25 1 0.281532 0.959552
89.35 1 0.18433 0.982864
89.45 1 0.0852869 0.996356
89.55 1 -0.0146089 0.999893
89.65 1 -0.114359 0.99344
89.75 1 -0.212966 0.97706
89.85 1 -0.309445 0.950917
89.95 1 -0.402832 0.915274
90.05 1 -0.492195 0.870485
90.15 1 -0.576639 0.816999
90.25 1 -0.655322 0.755349
90.35 1 -0.727458 0.686153
90.45 1 -0.792324 0.6101
90.55 1 -0.849274 0.527952
90.65 1 -0.897739 0.440528
90.75 1 -0.937233 0.348703
90.85 1 -0.967363 0.253394
90.95 1 -0.987828 0.155553
91.05 1 -0.998422 0.0561574
91.15 1 -0.99904 -0.043799
91.25 1 -0.989677 -0.143318
91.35 1 -0.970425 -0.241405
91.45 1 -0.941476 -0.337079
91.55 1 -0.903121 -0.429386
91.65 1 -0.855742 -0.517403
91.75 1 -0.799813 -0.60025
91.85 1 -0.735892 -0.677099
91.95 1 -0.664619 -0.747183
92.05 1 -0.586704 -0.809801
92.15 1 -0.502928 -0.864328
92.25 1 -0.414127 -0.910219
92.35 1 -0.321188 -0.947016
92.45 1 -0.225039 -0.97435
92.55 1 -0.126642 -0.991948
92.65 1 -0.02698 -0.999636
92.75 1 0.0729519 -0.997335
92.85 1 0.172155 -0.98507
92.95 1 0.269638 -0.962962
93.05 1 0.364426 -0.931232
93.15 1 0.455574 -0.890198
93.25 1 0.542169 -0.840269
93.35 1 0.623348 -0.781945
93.45 1 0.698298 -0.715807
93.55 1 0.766271 -0.642518
93.65 1 0.826587 -0.562809
93.75 1 0.878645 -0.477476
93.85 1 0.921923 -0.387372
93.95 1 0.95599 -0.293398
94.05 1 0.980505 -0.196493
94.15 1 0.995223 -0.0976239
94.25 1 0.999998 0.00222039
94.35 1 0.99478 0.102042
94.45 1 0.979623 0.200845
94.55 1 0.954678 0.297641
94.65 1 0.920194 0.391462
94.75 1 0.876516 0.481373
94.85 1 0.82408 0.566474
94.95 1 0.76341 0.645914
95.05 1 0.695112 0.718901
95.15 1 0.619869 0.784705
95.25 1 0.538433 0.842669
95.35 1 0.451616 0.892212
95.45 1 0.360287 0.932841
95.55 1 0.265359 0.96415
95.65 1 0.167779 0.985825
95.75 1 0.0685222 0.99765
95.85 1 -0.0314189 0.999506
95.95 1 -0.131046 0.991376
96.05 1 -0.229364 0.973341
96.15 1 -0.32539 0.94558
96.25 1 -0.418165 0.908371
96.35 1 -0.506762 0.862086
96.45 1 -0.590295 0.807188
96.55 1 -0.66793 0.744224
96.65 1 -0.738892 0.673824
96.75 1 -0.80247 0.596692
96.85 1 -0.858031 0.513597
96.95 1 -0.905019 0.425371
97.05 1 -0.942964 0.332895
97.15 1 -0.971487 0.237093
97.25 1 -0.990303 0.138921
97.35 1 -0.999225 0.0393621
97.45 1 -0.998163 -0.0605906
97.55 1 -0.987127 -0.159938
97.65 1 -0.966228 -0.257687
97.75 1 -0.935676 -0.352862
97.85 1 -0.895774 -0.444511
97.95 1 -0.846921 -0.531718
98.05 1 -0.789607 -0.613613
98.15 1 -0.724403 -0.689376
98.25 1 -0.651962 -0.758252
98.35 1 -0.573006 -0.819551
98.45 1 -0.488324 -0.872662
98.55 1 -0.398764 -0.917054
98.65 1 -0.305219 -0.952282
98.75 1 -0.208625 -0.977996
98.85 1 -0.109946 -0.993938
98.95 1 -0.0101684 -0.999948
99.05 1 0.0897106 -0.995968
99.15 1 0.188693 -0.982036
99.25 1 0.285791 -0.958292
99.35 1 0.380032 -0.924973
99.45 1 0.470477 -0.882412
99.55 1 0.556221 -0.831034
99.65 1 0.636407 -0.771353
99.75 1 0.710235 -0.703965
99.85 1 0.776966 -0.629543
99.95 1 0.835933 -0.548831
100.05 1 0.886549 -0.462635
100.15 1 0.928306 -0.371816
100.25 1 0.960788 -0.277283
100.35 1 0.98367 -0.179979
100.45 1 0.996724 -0.0808765
100.55 1 0.999819 0.0190339
100.65 1 0.992924 0.118754
100.75 1 0.976108 0.217288
100.85 1 0.949539 0.31365
100.95 1 0.913482 0.406879
101.05 1 0.868298 0.496043
101.15 1 0.814439 0.58025
101.25 1 0.752442 0.658659
101.35 1 0.682926 0.730487
101.45 1 0.606588 0.795017
101.55 1 0.524188 0.851603
101.65 1 0.436551 0.89968
101.75 1 0.344552 0.938767
101.85 1 0.24911 0.968475
101.95 1 0.151179 0.988506
102.05 1 0.0517381 0.998661
102.15 1 -0.0482201 0.998837
102.25 1 -0.147696 0.989033
102.35 1 -0.245697 0.969347
102.45 1 -0.341243 0.939975
102.55 1 -0.433379 0.901212
102.65 1 -0.521185 0.853444
102.75 1 -0.603783 0.797148
102.85 1 -0.680349 0.732888
102.95 1 -0.750117 0.661305
103.05 1 -0.81239 0.583115
103.15 1 -0.866546 0.499098
103.25 1 -0.912043 0.410094
103.35 1 -0.948428 0.316993
103.45 1 -0.975336 0.220725
103.55 1 -0.992499 0.122251
103.65 1 -0.999746 0.0225557
103.75 1 -0.997003 -0.077365
103.85 1 -0.984298 -0.176513
103.95 1 -0.961759 -0.273897
104.05 1 -0.92961 -0.368544
104.15 1 -0.888173 -0.459509
104.25 1 -0.837862 -0.545883
104.35 1 -0.779178 -0.626802
104.45 1 -0.71271 -0.701459
104.55 1 -0.63912 -0.769107
104.65 1 -0.559145 -0.82907
104.75 1 -0.473582 -0.880749
104.85 1 -0.383288 -0.923629
104.95 1 -0.289164 -0.957279
105.05 1 -0.192151 -0.981365
105.15 1 -0.0932184 -0.995646
105.25 1 0.00664606 -0.999978
105.35 1 0.106444 -0.994319
105.45 1 0.205179 -0.978725
105.55 1 0.301863 -0.953351
105.65 1 0.395531 -0.918453
105.75 1 0.485247 -0.874377
105.85 1 0.570115 -0.821565
105.95 1 0.649287 -0.760544
106.05 1 0.721971 -0.691924
106.15 1 0.787441 -0.61639
106.25 1 0.845043 -0.534698
106.35 1 0.894202 -0.447663
106.45 1 0.934427 -0.356155
106.55 1 0.965315 -0.261089
106.65 1 0.986558 -0.163414
106.75 1 0.997943 -0.0641062
106.85 1 0.999357 0.0358421
106.95 1 0.990787 0.135432
107.05 1 0.972316 0.233669
107.15 1 0.944131 0.329572
107.25 1 0.906512 0.422181
107.35 1 0.859835 0.510572
107.45 1 0.804567 0.593861
107.55 1 0.741261 0.671217
107.65 1 0.670548 0.741867
107.75 1 0.593134 0.805103
107.85 1 0.509795 0.860296
107.95 1 0.421362 0.906893
108.05 1 0.328719 0.944428
108.15 1 0.232791 0.972527
108.25 1 0.134537 0.990909
108.35 1 0.0349394 0.999389
108.45 1 -0.0650076 0.997885
108.55 1 -0.164305 0.98641
108.65 1 -0.261961 0.965079
108.75 1 -0.356999 0.934105
108.85 1 -0.448471 0.893798
108.95 1 -0.535461 0.84456
109.05 1 -0.617101 0.786884
109.15 1 -0.692576 0.721345
109.25 1 -0.76113 0.648599
109.35 1 -0.822079 0.569373
109.45 1 -0.874815 0.484457
109.55 1 -0.918809 0.394701
109.65 1 -0.953624 0.301002
109.75 1 -0.978909 0.204294
109.85 1 -0.994414 0.105546
109.95 1 -0.999984 0.00574284
110.05 1 -0.995561 -0.0941176
110.15 1 -0.981191 -0.193038
110.25 1 -0.957018 -0.290029
110.35 1 -0.923282 -0.384122
110.45 1 -0.880321 -0.474378
110.55 1 -0.828565 -0.559893
110.65 1 -0.768529 -0.639815
110.75 1 -0.700815 -0.713343
110.85 1 -0.626098 -0.779744
110.95 1 -0.545126 -0.838354
111.05 1 -0.458707 -0.888588
111.15 1 -0.367704 -0.929943
111.25 1 -0.273028 -0.962006
111.35 1 -0.175624 -0.984457
111.45 1 -0.0764645 -0.997072
111.55 1 0.0234586 -0.999725
111.65 1 0.123147 -0.992388
111.75 1 0.221606 -0.975136
111.85 1 0.31785 -0.948141
111.95 1 0.410918 -0.911672
112.05 1 0.499881 -0.866094
112.15 1 0.583848 -0.811863
112.25 1 0.661983 -0.749519
112.35 1 0.733502 -0.679687
112.45 1 0.797693 -0.603063
112.55 1 0.853914 -0.520414
112.65 1 0.901603 -0.432565
112.75 1 0.940283 -0.340394
112.85 1 0.969568 -0.244821
112.95 1 0.989166 -0.146803
113.05 1 0.99888 -0.0473179
113.15 1 0.998614 0.0526401
113.25 1 0.988369 0.152072
113.35 1 0.96825 0.249985
113.45 1 0.938456 0.3454
113.55 1 0.899285 0.437363
113.65 1 0.851129 0.524957
113.75 1 0.794468 0.607305
113.85 1 0.72987 0.683586
113.95 1 0.657979 0.753036
114.05 1 0.579514 0.814962
114.15 1 0.495258 0.868746
114.25 1 0.406054 0.913849
114.35 1 0.312793 0.949821
114.45 1 0.216406 0.976303
114.55 1 0.117857 0.993031
114.65 1 0.0181309 0.999836
114.75 1 -0.0817767 0.996651
114.85 1 -0.180867 0.983508
114.95 1 -0.278151 0.960537
115.05 1 -0.372655 0.92797
115.15 1 -0.463435 0.886131
115.25 1 -0.549586 0.835437
115.35 1 -0.630245 0.776397
115.45 1 -0.704606 0.709598
115.55 1 -0.771928 0.63571
115.65 1 -0.831537 0.55547
115.75 1 -0.882837 0.46968
115.85 1 -0.925316 0.379197
115.95 1 -0.95855 0.284925
116.05 1 -0.982206 0.187806
116.15 1 -0.996048 0.088811
116.25 1 -0.999939 -0.0110716
116.35 1 -0.993838 -0.110844
116.45 1 -0.977807 -0.209508
116.55 1 -0.952006 -0.306079
116.65 1 -0.916693 -0.399592
116.75 1 -0.872221 -0.489112
116.85 1 -0.819034 -0.573746
116.95 1 -0.757663 -0.652646
117.05 1 -0.688722 -0.725026
117.15 1 -0.612899 -0.790161
117.25 1 -0.530953 -0.847401
117.35 1 -0.443701 -0.896175
117.45 1 -0.352016 -0.935994
117.55 1 -0.256814 -0.966461
117.65 1 -0.159046 -0.987271
117.75 1 -0.059689 -0.998217
117.85 1 0.0402646 -0.999189
117.95 1 0.139816 -0.990178
118.05 1 0.23797 -0.971272
118.15 1 0.333747 -0.942663
118.25 1 0.426189 -0.904634
118.35 1 0.514372 -0.857567
118.45 1 0.597416 -0.801931
118.55 1 0.674491 -0.738283
118.65 1 0.744827 -0.667258
118.75 1 0.807721 -0.589566
118.85 1 0.862544 -0.505983
118.95 1 0.908749 -0.417344
119.05 1 0.945873 -0.324536
119.15 1 0.973548 -0.228485
119.25 1 0.991494 -0.130151
119.35 1 0.999534 -0.0305161
119.45 1 0.997587 0.0694233
119.55 1 0.985673 0.168669
119.65 1 0.96391 0.266229
119.75 1 0.932516 0.36113
119.85 1 0.891804 0.452422
119.95 1 0.842182 0.539193
120.05 1 0.784145 0.620578
120.15 1 0.718273 0.695761
120.25 1 0.645225 0.763993
120.35 1 0.565729 0.824591
120.45 1 0.480581 0.87695
120.55 1 0.390631 0.920547
120.65 1 0.296778 0.954946
120.75 1 0.19996 0.979804
120.85 1 0.101144 0.994872
120.95 1 0.00131716 0.999999
121.05 1 -0.0985227 0.995135
121.15 1 -0.197378 0.980327
121.25 1 -0.294262 0.955725
121.35 1 -0.388205 0.921573
121.45 1 -0.478269 0.878213
121.55 1 -0.563555 0.826079
121.65 1 -0.64321 0.76569
121.75 1 -0.716438 0.697651
121.85 1 -0.782507 0.622641
121.95 1 -0.840759 0.54141
122.05 1 -0.890609 0.45477
122.15 1 -0.931561 0.363585
122.25 1 -0.963205 0.268768
122.35 1 -0.985225 0.171265
122.45 1 -0.997401 0.072051
122.55 1 -0.999611 -0.0278829
122.65 1 -0.991834 -0.127538
122.75 1 -0.974146 -0.225919
122.85 1 -0.946725 -0.322043
122.95 1 -0.909845 -0.414949
123.05 1 -0.863874 -0.503709
123.15 1 -0.809271 -0.587436
123.25 1 -0.746582 -0.665293
123.35 1 -0.676434 -0.736503
123.45 1 -0.599527 -0.800355
123.55 1 -0.51663 -0.856209
123.65 1 -0.42857 -0.903508
123.75 1 -0.336229 -0.94178
123.85 1 -0.240528 -0.970642
123.95 1 -0.142424 -0.989806
124.05 1 -0.0428967 -0.99908
124.15 1 0.0570592 -0.998371
124.25 1 0.156445 -0.987687
124.35 1 0.254267 -0.967134
124.45 1 0.349549 -0.936918
124.55 1 0.441339 -0.897341
124.65 1 0.528719 -0.848797
124.75 1 0.610816 -0.791773
124.85 1 0.686809 -0.726838
124.95 1 0.755941 -0.65464
125.05 1 0.817519 -0.575901
125.15 1 0.870929 -0.491408
125.25 1 0.915637 -0.402006
125.35 1 0.951196 -0.308586
125.45 1 0.977252 -0.212083
125.55 1 0.993542 -0.113461
125.65 1 0.999906 -0.0137057
125.664 1 1 -4.89859e-15
