# phi u x y
0 1 1 0
0.05 0.975023 1.02434 0.0512595
0.128528 0.935992 1.05957 0.13694
0.210366 0.895796 1.09172 0.233109
0.292203 0.856353 1.11824 0.336382
0.373689 0.818082 1.13801 0.44623
0.454786 0.781237 1.14991 0.562275
0.535482 0.74604 1.15278 0.683952
0.615773 0.712696 1.14541 0.810429
0.695658 0.68139 1.12657 0.940563
0.775135 0.65229 1.09511 1.07286
0.854209 0.625542 1.04999 1.20544
0.932887 0.601274 0.990424 1.33607
1.01118 0.579597 0.915913 1.46215
1.08911 0.560598 0.826397 1.58083
1.16669 0.544352 0.722323 1.68908
1.24396 0.530914 0.604714 1.78383
1.32095 0.520324 0.475194 1.86221
1.39771 0.512612 0.335967 1.92165
1.4743 0.507793 0.189738 1.96015
1.55077 0.505875 0.0395875 1.97638
1.62719 0.506859 -0.111193 1.9698
1.70362 0.510737 -0.259291 1.94071
1.78013 0.517496 -0.401558 1.8902
1.85678 0.527114 -0.535179 1.82007
1.93363 0.539561 -0.657801 1.7327
2.01073 0.554796 -0.767627 1.63083
2.08811 0.572767 -0.863441 1.51746
2.16582 0.593406 -0.944601 1.39556
2.24388 0.61663 -1.01099 1.26802
2.32231 0.642338 -1.06291 1.13749
2.40113 0.670412 -1.10105 1.00629
2.48034 0.700716 -1.12631 0.876403
2.55994 0.733094 -1.13977 0.749433
2.63995 0.767372 -1.14259 0.626646
2.72035 0.803357 -1.13596 0.508984
2.80115 0.84084 -1.12103 0.397112
2.88233 0.879596 -1.09889 0.291458
2.9639 0.919384 -1.07056 0.192257
3.04584 0.95995 -1.03695 0.0995918
3.12815 1.00103 -0.998882 0.0134292
3.21081 1.04234 -0.957078 -0.066352
3.29381 1.08362 -0.912165 -0.139933
3.37715 1.12456 -0.864683 -0.207536
3.46081 1.16487 -0.815096 -0.269406
3.54478 1.20427 -0.763794 -0.3258
3.62905 1.24247 -0.711108 -0.376975
3.7136 1.27917 -0.657312 -0.423182
3.79843 1.31411 -0.602635 -0.46466
3.88352 1.34701 -0.547265 -0.501635
3.96885 1.37761 -0.491357 -0.534312
4.05441 1.40568 -0.435036 -0.56288
4.14018 1.43098 -0.378405 -0.587505
4.22615 1.45331 -0.321546 -0.608333
4.31229 1.47248 -0.264525 -0.62549
4.39859 1.48834 -0.207398 -0.63908
4.48501 1.50074 -0.150208 -0.649187
4.57154 1.50958 -0.0929931 -0.655876
4.65816 1.51478 -0.0357848 -0.659191
4.74482 1.51629 0.021387 -0.659156
4.83152 1.5141 0.0784936 -0.655776
4.91821 1.50822 0.135505 -0.649038
5.00487 1.4987 0.192389 -0.638908
5.09148 1.48561 0.249107 -0.625333
5.178 1.46907 0.305616 -0.608241
5.26441 1.4492 0.36186 -0.587542
5.35068 1.42618 0.417775 -0.563123
5.43679 1.40019 0.473281 -0.534853
5.52271 1.37145 0.528278 -0.502581
5.60842 1.34019 0.582647 -0.466137
5.69391 1.30665 0.636242 -0.425331
5.77915 1.2711 0.688885 -0.379957
5.86413 1.23382 0.740362 -0.32979
5.94882 1.19509 0.790418 -0.274596
6.03323 1.15521 0.838745 -0.214131
6.11732 1.11446 0.884979 -0.148149
6.20109 1.07316 0.928691 -0.0764115
6.28453 1.03159 0.969379 0.00130367
6.36762 0.990044 1.00646 0.0851861
6.45036 0.948814 1.03925 0.175375
6.53273 0.908175 1.067 0.271936
6.61473 0.868394 1.08884 0.374832
6.69634 0.829729 1.10381 0.483893
6.77756 0.792419 1.11086 0.598773
6.85838 0.756692 1.10889 0.718914
6.93879 0.722757 1.09674 0.843495
7.0188 0.690805 1.07326 0.971398
7.09841 0.661008 1.03737 1.10116
7.1776 0.633521 0.988083 1.23097
7.2564 0.608477 0.924672 1.35864
7.33481 0.585992 0.846697 1.48165
7.41285 0.566159 0.754137 1.5972
7.49054 0.549059 0.647465 1.70233
7.5679 0.534751 0.527718 1.79403
7.64497 0.52328 0.396522 1.86943
7.7218 0.514679 0.256078 1.92601
7.79843 0.508968 0.109082 1.96173
7.87493 0.506157 -0.0413886 1.97524
7.95136 0.506247 -0.192046 1.96596
8.02778 0.509235 -0.339573 1.93415
8.10426 0.515109 -0.480812 1.88085
8.18086 0.523849 -0.612939 1.80787
8.25764 0.535428 -0.733595 1.71756
8.33466 0.54981 -0.840982 1.61271
8.41195 0.566945 -0.933895 1.49632
8.48956 0.58677 -1.01172 1.37145
8.56751 0.609207 -1.07436 1.24105
8.64583 0.634162 -1.12219 1.10782
8.72452 0.661521 -1.15594 0.974141
8.8036 0.691154 -1.17658 0.842055
8.88309 0.722911 -1.18526 0.713208
8.96297 0.756623 -1.18321 0.588891
9.04325 0.792104 -1.17169 0.470064
9.12393 0.829149 -1.15188 0.357395
9.20499 0.867538 -1.12496 0.251307
9.28645 0.907035 -1.09196 0.152024
9.36827 0.947389 -1.05385 0.0596106
9.45047 0.988338 -1.01147 -0.0259907
9.53302 1.02961 -0.965556 -0.104924
9.61592 1.07093 -0.916765 -0.177398
9.69916 1.112 -0.865643 -0.243659
9.78272 1.15254 -0.81266 -0.303977
9.86659 1.19225 -0.758211 -0.358633
9.95077 1.23085 -0.702626 -0.407906
10.0352 1.26804 -0.646181 -0.452069
10.12 1.30355 -0.5891 -0.491381
10.205 1.33711 -0.531568 -0.526083
10.2902 1.36845 -0.473736 -0.556397
10.3757 1.39732 -0.415725 -0.582526
10.4614 1.42349 -0.357633 -0.604649
10.5474 1.44676 -0.299537 -0.622924
10.6334 1.46692 -0.2415 -0.637488
10.7197 1.48382 -0.183573 -0.648454
10.8061 1.49729 -0.125797 -0.655917
10.8926 1.50724 -0.0682061 -0.659948
10.9792 1.51357 -0.010831 -0.660601
11.0658 1.51622 0.0463003 -0.657907
11.1525 1.51517 0.10316 -0.651879
11.2392 1.51042 0.159718 -0.642512
11.3259 1.50202 0.21594 -0.629779
11.4125 1.49002 0.27179 -0.613637
11.4991 1.47452 0.327219 -0.594023
11.5855 1.45566 0.382171 -0.570854
11.6718 1.4336 0.436579 -0.54403
11.758 1.4085 0.490359 -0.51343
11.844 1.38059 0.54341 -0.478916
11.9298 1.35007 0.595607 -0.440331
12.0153 1.3172 0.646803 -0.3975
12.1006 1.28225 0.696816 -0.350232
12.1857 1.24547 0.745432 -0.298323
12.2705 1.20715 0.792394 -0.241557
12.355 1.16759 0.837395 -0.179711
12.4392 1.12708 0.880075 -0.112563
12.523 1.08592 0.920012 -0.0398968
12.6066 1.0444 0.956712 0.0384847
12.6898 1.00282 0.989605 0.122746
12.7726 0.961462 1.01804 0.213003
12.8551 0.920612 1.04127 0.309298
12.9372 0.880539 1.05846 0.411576
13.019 0.841504 1.06871 0.519651
13.1003 0.803752 1.071 0.633172
13.1812 0.767514 1.06428 0.75158
13.2618 0.733006 1.04746 0.874069
13.3419 0.700424 1.01944 0.999542
13.4216 0.669946 0.979206 1.12658
13.501 0.641732 0.925848 1.25341
13.5799 0.615923 0.858683 1.37792
13.6584 0.592638 0.777328 1.49766
13.7366 0.57198 0.681799 1.60989
13.8144 0.554031 0.572597 1.71172
13.8918 0.538857 0.450773 1.8002
13.969 0.526508 0.317957 1.8725
14.0459 0.517021 0.176344 1.9261
14.1226 0.510418 0.0286263 1.95897
14.1991 0.506713 -0.122125 1.96972
14.2755 0.50591 -0.272622 1.95774
14.3519 0.508007 -0.419542 1.92325
14.4284 0.512993 -0.559719 1.86726
14.505 0.520853 -0.690317 1.79153
14.5817 0.531561 -0.808969 1.69843
14.6586 0.545084 -0.913875 1.59076
14.7358 0.561377 -1.00384 1.47155
14.8133 0.580381 -1.07827 1.34391
14.8912 0.602024 -1.1371 1.21084
14.9694 0.626214 -1.18077 1.07511
15.0479 0.652846 -1.21006 0.939163
15.1269 0.681794 -1.22601 0.805086
15.2063 0.712914 -1.22984 0.674569
15.286 0.746043 -1.22285 0.548929
15.3662 0.781 -1.20635 0.429142
15.4467 0.817586 -1.18162 0.31588
15.5277 0.855585 -1.14985 0.20956
15.609 0.894767 -1.11214 0.110393
15.6907 0.934884 -1.06949 0.0184235
15.7728 0.975679 -1.02277 -0.0664283
15.8553 1.01688 -0.972749 -0.144333
15.9381 1.05821 -0.920082 -0.215523
16.0212 1.09939 -0.865336 -0.280274
16.1047 1.14013 -0.808984 -0.338882
16.1884 1.18013 -0.751427 -0.39165
16.2725 1.2191 -0.692994 -0.438883
16.3569 1.25675 -0.633957 -0.480872
16.4416 1.29281 -0.574539 -0.517897
16.5265 1.327 -0.514921 -0.550218
16.6117 1.35905 -0.455247 -0.578071
16.6971 1.3887 -0.395634 -0.601674
16.7827 1.41573 -0.336174 -0.62122
16.8686 1.43992 -0.276939 -0.636878
16.9546 1.46106 -0.217987 -0.648796
17.0408 1.47897 -0.159364 -0.657096
17.1272 1.49352 -0.101108 -0.661883
17.2136 1.50456 -0.0432486 -0.663237
17.3002 1.51201 0.0141854 -0.661219
17.3868 1.5158 0.0711684 -0.655868
17.4735 1.51589 0.127674 -0.647205
17.5602 1.51228 0.183672 -0.635233
17.6469 1.50499 0.239131 -0.619933
17.7336 1.49409 0.294011 -0.60127
17.8201 1.47966 0.348264 -0.579189
17.9066 1.46182 0.401833 -0.553618
17.993 1.44073 0.454647 -0.524465
18.0792 1.41654 0.506621 -0.491623
18.1652 1.38947 0.55765 -0.454963
18.2511 1.35973 0.60761 -0.414344
18.3367 1.32756 0.656349 -0.369605
18.4221 1.29322 0.703684 -0.32057
18.5072 1.25697 0.749401 -0.267055
18.5921 1.2191 0.793241 -0.20886
18.6767 1.17989 0.834901 -0.145786
18.761 1.13965 0.874025 -0.0776296
18.8449 1.09865 0.910197 -0.00419991
18.9286 1.05721 0.942934 0.0746768
19.0119 1.01562 0.971679 0.159142
19.0949 0.974159 0.995798 0.249286
19.1775 0.933123 1.01457 0.345132
19.2597 0.892783 1.02721 0.446606
19.3415 0.853401 1.03281 0.553509
19.423 0.815228 1.03044 0.665481
19.5041 0.778501 1.01908 0.781967
19.5847 0.743438 0.997689 0.902173
19.665 0.710242 0.965246 1.02503
19.7448 0.679099 0.920781 1.14915
19.8243 0.650172 0.863456 1.27281
19.9033 0.623608 0.792641 1.39397
19.982 0.599534 0.708003 1.51024
20.0602 0.578057 0.609595 1.61897
20.1381 0.559266 0.497944 1.71732
20.2157 0.543231 0.374117 1.80242
20.2929 0.530008 0.239745 1.87147
20.3699 0.519637 0.0970227 1.92197
20.4467 0.512143 -0.0513654 1.9519
20.5232 0.507545 -0.202353 1.95985
20.5997 0.505848 -0.352651 1.94517
20.6761 0.507053 -0.49893 1.90803
20.7526 0.51115 -0.638015 1.84941
20.8291 0.518127 -0.767055 1.77105
20.9057 0.527961 -0.883675 1.67531
20.9826 0.540622 -0.98607 1.56497
21.0597 0.556067 -1.07305 1.44312
21.1371 0.574243 -1.14404 1.3129
21.2149 0.595082 -1.19903 1.17737
21.293 0.618498 -1.23849 1.03935
21.3714 0.644391 -1.26326 0.901347
21.4503 0.67264 -1.27446 0.765493
21.5295 0.703107 -1.27337 0.633517
21.6091 0.735636 -1.26138 0.506766
21.6892 0.77005 -1.23985 0.386228
21.7696 0.806157 -1.21013 0.27258
21.8504 0.843745 -1.17348 0.166234
21.9316 0.882588 -1.13103 0.0673834
22.0132 0.922444 -1.08381 -0.0239455
22.0952 0.963058 -1.03274 -0.107857
22.1775 1.00416 -0.978604 -0.184547
22.2602 1.04549 -0.922073 -0.254278
22.3433 1.08674 -0.863724 -0.317351
22.4266 1.12765 -0.804039 -0.374088
22.5103 1.1679 -0.743418 -0.424819
22.5943 1.20722 -0.68219 -0.469871
22.6786 1.24531 -0.620626 -0.509558
22.7632 1.28189 -0.558944 -0.544178
22.848 1.31669 -0.497319 -0.57401
22.9331 1.34942 -0.43589 -0.599307
23.0185 1.37984 -0.374767 -0.6203
23.104 1.4077 -0.314035 -0.637196
23.1898 1.43278 -0.253762 -0.650175
23.2758 1.45488 -0.193998 -0.659396
23.362 1.47381 -0.134786 -0.664993
23.4483 1.4894 -0.0761566 -0.667077
23.5347 1.50154 -0.0181378 -0.665737
23.6212 1.5101 0.0392467 -0.661042
23.7079 1.51503 0.0959734 -0.65304
23.7945 1.51626 0.152018 -0.64176
23.8812 1.51378 0.207353 -0.627209
23.9679 1.50763 0.261946 -0.60938
24.0546 1.49783 0.315758 -0.588244
24.1412 1.48447 0.368741 -0.563756
24.2277 1.46767 0.420836 -0.535851
24.3141 1.44756 0.471973 -0.50445
24.4004 1.42431 0.522064 -0.469454
24.4864 1.3981 0.571003 -0.430749
24.5724 1.36916 0.618663 -0.388204
24.6581 1.33771 0.664891 -0.341674
24.7435 1.30401 0.709506 -0.291
24.8287 1.26832 0.75229 -0.236012
24.9137 1.23092 0.792988 -0.176532
24.9984 1.19209 0.831298 -0.112379
25.0828 1.15213 0.86687 -0.0433716
25.1668 1.11134 0.899293 0.0306588
25.2506 1.07 0.928097 0.109863
25.334 1.02843 0.952738 0.194359
25.417 0.986895 0.972602 0.284216
25.4998 0.9457 0.986996 0.379435
25.5821 0.905117 0.995148 0.479925
25.6641 0.865413 0.996214 0.585474
25.7456 0.826842 0.989281 0.695717
25.8268 0.789645 0.97339 0.810099
25.9076 0.754047 0.947555 0.927839
25.988 0.720256 0.910807 1.04789
26.068 0.688462 0.862237 1.16891
26.1476 0.658836 0.801067 1.28922
26.2267 0.63153 0.726719 1.40684
26.3055 0.606677 0.638908 1.51946
26.3839 0.58439 0.537725 1.6245
26.4619 0.564763 0.423723 1.71921
26.5395 0.547872 0.297978 1.80076
26.6169 0.533779 0.16213 1.86641
26.6939 0.522525 0.0183666 1.9137
26.7708 0.514143 -0.130633 1.94059
26.8474 0.508652 -0.281806 1.94568
26.9239 0.506062 -0.431863 1.92828
27.0003 0.506373 -0.577469 1.88851
27.0767 0.509581 -0.715434 1.82734
27.1532 0.515673 -0.842895 1.74645
27.2298 0.52463 -0.957463 1.64818
27.3066 0.536424 -1.05733 1.53535
27.3836 0.551016 -1.1413 1.41104
27.461 0.568358 -1.20884 1.27843
27.5386 0.588385 -1.25995 1.14064
27.6166 0.611017 -1.29516 1.00054
27.6949 0.636159 -1.31536 0.860693
27.7736 0.663696 -1.32176 0.723276
27.8528 0.693496 -1.31572 0.590058
27.9323 0.725407 -1.29867 0.46241
28.0122 0.759261 -1.27207 0.341335
28.0925 0.794868 -1.23733 0.227514
28.1732 0.832023 -1.19575 0.121349
28.2543 0.870505 -1.14853 0.0230198
28.3358 0.910075 -1.09674 -0.0674689
28.4176 0.950484 -1.04131 -0.150246
28.4999 0.991468 -0.983066 -0.225536
28.5824 1.03275 -0.92269 -0.293629
28.6654 1.07406 -0.86077 -0.354854
28.7486 1.1151 -0.797791 -0.40956
28.8322 1.15559 -0.734158 -0.458104
28.9161 1.19523 -0.670197 -0.500835
29.0003 1.23373 -0.606176 -0.538092
29.0848 1.27081 -0.542308 -0.570191
29.1696 1.30618 -0.47876 -0.597429
29.2546 1.33957 -0.415666 -0.620076
29.3399 1.37073 -0.353128 -0.638377
29.4254 1.39941 -0.291225 -0.652552
29.5111 1.42537 -0.230017 -0.662795
29.597 1.4484 -0.169548 -0.669273
29.6831 1.46833 -0.109854 -0.67213
29.7694 1.48496 -0.0509607 -0.671486
29.8558 1.49818 0.00710869 -0.66744
29.9423 1.50785 0.0643347 -0.660068
30.0289 1.5139 0.120698 -0.649424
30.1155 1.51627 0.176176 -0.635546
30.2022 1.51494 0.230743 -0.618449
30.2889 1.50991 0.28437 -0.598132
30.3756 1.50123 0.337018 -0.574574
30.4622 1.48896 0.388639 -0.54774
30.5488 1.47321 0.439175 -0.517574
30.6352 1.4541 0.488554 -0.484006
30.7215 1.43179 0.536688 -0.446948
30.8077 1.40648 0.583471 -0.406298
30.8936 1.37835 0.628774 -0.361937
30.9794 1.34765 0.672444 -0.313735
31.0649 1.31462 0.714299 -0.261547
31.1502 1.27951 0.754124 -0.205222
31.2353 1.24261 0.791663 -0.144598
31.32 1.20419 0.82662 -0.0795139
31.4045 1.16454 0.858649 -0.00981037
31.4887 1.12397 0.887347 0.0646611
31.5725 1.08277 0.912254 0.144028
31.656 1.04124 0.932843 0.228388
31.7392 0.999664 0.948517 0.317786
31.822 0.958336 0.958607 0.412206
31.9045 0.917535 0.962372 0.511538
31.9866 0.877532 0.959001 0.615559
32.0683 0.838586 0.947623 0.723898
32.1496 0.800941 0.927325 0.836002
32.2305 0.764828 0.897174 0.951101
32.311 0.730459 0.856254 1.06817
32.3911 0.698031 0.803715 1.18591
32.4708 0.66772 0.738832 1.3027
32.5501 0.639684 0.661083 1.41661
32.629 0.614063 0.570224 1.5254
32.7075 0.590974 0.466384 1.62658
32.7856 0.570519 0.350139 1.71746
32.8634 0.552779 0.222579 1.7953
32.9408 0.537818 0.085344 1.8574
33.0179 0.525686 -0.0593807 1.90135
33.0948 0.516417 -0.208922 1.92511
33.1715 0.510035 -0.360223 1.92728
33.248 0.50655 -0.509994 1.90713
33.3245 0.505968 -0.65489 1.86476
33.4009 0.508285 -0.791711 1.80107
33.4773 0.51349 -0.917576 1.71774
33.5539 0.521567 -1.03008 1.61709
33.6306 0.532491 -1.1274 1.5019
33.7076 0.546226 -1.20837 1.37531
33.7848 0.562728 -1.27243 1.24051
33.8624 0.581935 -1.31965 1.10066
33.9402 0.603774 -1.35058 0.958687
34.0185 0.628155 -1.36621 0.817211
34.0971 0.654967 -1.36778 0.678448
34.1761 0.684085 -1.35673 0.544205
34.2554 0.715364 -1.33459 0.415878
34.3352 0.748638 -1.30289 0.294484
34.4154 0.783726 -1.26309 0.180704
34.496 0.820428 -1.21657 0.0749313
34.577 0.858525 -1.16457 -0.0226688
34.6583 0.897787 -1.10819 -0.112115
34.7401 0.937965 -1.04842 -0.193563
34.8222 0.9788 -0.986082 -0.267265
34.9047 1.02002 -0.921888 -0.333539
34.9875 1.06135 -0.856433 -0.392745
35.0706 1.10251 -0.79021 -0.445261
35.1541 1.1432 -0.723623 -0.491468
35.2379 1.18313 -0.656996 -0.531741
35.322 1.22201 -0.590594 -0.566439
35.4064 1.25955 -0.524621 -0.595902
35.4911 1.29548 -0.459241 -0.620442
35.5761 1.32951 -0.394577 -0.640348
35.6613 1.36139 -0.330724 -0.655879
35.7467 1.39085 -0.267753 -0.667266
35.8324 1.41767 -0.205716 -0.674717
35.9182 1.44163 -0.14465 -0.678408
36.0043 1.46253 -0.0845837 -0.678494
36.0905 1.4802 -0.0255372 -0.675103
36.1769 1.49448 0.0324728 -0.668341
36.2633 1.50525 0.0894313 -0.658293
36.3499 1.51243 0.145323 -0.645021
36.4366 1.51594 0.200129 -0.628568
36.5232 1.51575 0.253827 -0.608958
36.6099 1.51185 0.30639 -0.586198
36.6966 1.50429 0.357779 -0.560274
36.7833 1.49312 0.407949 -0.531159
36.8698 1.47842 0.456842 -0.498806
36.9563 1.46033 0.504386 -0.463155
37.0427 1.43899 0.550494 -0.424128
37.1288 1.41458 0.595058 -0.381634
37.2149 1.3873 0.637951 -0.335568
37.3007 1.35737 0.67902 -0.285812
37.3863 1.32502 0.718082 -0.232238
37.4717 1.29053 0.754925 -0.174709
37.5568 1.25415 0.789295 -0.113082
37.6417 1.21616 0.820901 -0.0472135
37.7262 1.17687 0.849401 0.0230346
37.8105 1.13655 0.874404 0.0977903
37.8944 1.09551 0.895458 0.177161
37.9781 1.05405 0.912052 0.261219
38.0613 1.01246 0.923607 0.349994
38.1443 0.971021 0.92948 0.443447
38.2268 0.930029 0.928956 0.541455
38.309 0.889752 0.921259 0.64378
38.3909 0.850453 0.905558 0.750048
38.4723 0.812383 0.880985 0.859707
38.5533 0.775774 0.846656 0.972001
38.634 0.740846 0.801708 1.08593
38.7142 0.707801 0.745345 1.20023
38.794 0.67682 0.676897 1.31332
38.8734 0.648068 0.595888 1.42335
38.9524 0.621689 0.502121 1.52814
39.0311 0.597809 0.395755 1.62529
39.1093 0.576533 0.27739 1.71218
39.1872 0.557949 0.148127 1.78615
39.2647 0.542127 0.00960966 1.84456
39.3419 0.529119 -0.135984 1.88504
39.4189 0.518966 -0.285989 1.90557
39.4956 0.511692 -0.437353 1.90473
39.5722 0.507314 -0.586784 1.8818
39.6486 0.505838 -0.730934 1.83683
39.725 0.507263 -0.866584 1.77068
39.8015 0.51158 -0.990838 1.68499
39.878 0.518775 -1.10127 1.58206
39.9547 0.528825 -1.19606 1.46467
40.0316 0.541699 -1.27401 1.33596
40.1087 0.557354 -1.3346 1.19915
40.1861 0.575735 -1.37792 1.05744
40.2639 0.596773 -1.40458 0.913813
40.342 0.620381 -1.41561 0.770921
40.4205 0.646457 -1.41233 0.63103
40.4994 0.67488 -1.39627 0.495982
40.5787 0.705509 -1.36903 0.367197
40.6583 0.738188 -1.3322 0.245702
40.7384 0.772738 -1.28733 0.132179
40.8188 0.808965 -1.23585 0.0270134
40.8997 0.846657 -1.17906 -0.0696486
40.981 0.885585 -1.11811 -0.157849
41.0626 0.925508 -1.054 -0.23777
41.1446 0.966169 -0.987596 -0.309694
41.2269 1.0073 -0.91962 -0.37397
41.3096 1.04863 -0.850677 -0.430987
41.3927 1.08987 -0.781265 -0.481151
41.4761 1.13073 -0.711788 -0.524872
41.5598 1.17093 -0.64257 -0.562549
41.6438 1.21016 -0.573867 -0.594564
41.7281 1.24815 -0.505879 -0.621277
41.8127 1.28461 -0.43876 -0.643019
41.8976 1.31925 -0.372625 -0.660094
41.9827 1.35182 -0.307561 -0.672778
42.0681 1.38205 -0.243629 -0.681314
42.1537 1.40971 -0.180871 -0.68592
42.2395 1.43457 -0.119319 -0.686784
42.3255 1.45643 -0.058992 -0.68407
42.4116 1.47511 9.66986e-05 -0.677915
42.498 1.49045 0.0579365 -0.668433
42.5844 1.50232 0.114518 -0.655714
42.6709 1.51061 0.169831 -0.63983
42.7576 1.51525 0.223861 -0.62083
42.8442 1.5162 0.276589 -0.598746
42.9309 1.51345 0.32799 -0.57359
43.0176 1.50701 0.378029 -0.545358
43.1043 1.49694 0.426661 -0.514029
43.1909 1.48332 0.473831 -0.479566
43.2774 1.46626 0.519466 -0.441917
43.3638 1.4459 0.563481 -0.401016
43.45 1.42242 0.605769 -0.356782
43.5361 1.396 0.646203 -0.309122
43.622 1.36686 0.684631 -0.257931
43.7077 1.33523 0.720872 -0.203096
43.7931 1.30137 0.754715 -0.144496
43.8783 1.26554 0.785912 -0.082005
43.9633 1.22802 0.814174 -0.0154977
44.0479 1.18909 0.839167 0.0551456
44.1323 1.14906 0.860508 0.130032
44.2163 1.10821 0.877758 0.209249
44.3 1.06685 0.89042 0.292848
44.3834 1.02526 0.897936 0.380839
44.4665 0.983748 0.899682 0.473165
44.5492 0.94259 0.894975 0.569686
44.6315 0.902065 0.883071 0.670156
44.7134 0.862438 0.863177 0.774193
44.795 0.823963 0.834468 0.88125
44.8761 0.78688 0.796109 0.990581
44.9569 0.751412 0.747285 1.10121
45.0372 0.717767 0.687255 1.21191
45.1172 0.686131 0.615396 1.32115
45.1967 0.656677 0.531283 1.42714
45.2759 0.629553 0.434757 1.52777
45.3546 0.604891 0.32601 1.62073
45.4329 0.582803 0.205661 1.70348
45.5109 0.563382 0.0748238 1.77342
45.5886 0.546702 -0.064861 1.828
45.6659 0.532823 -0.211221 1.86487
45.7429 0.521787 -0.361598 1.88207
45.8197 0.513624 -0.512949 1.87816
45.8963 0.508353 -0.661983 1.8524
45.9728 0.505983 -0.805343 1.80482
46.0492 0.506515 -0.939796 1.73624
46.1256 0.509943 -1.06243 1.64827
46.2021 0.516253 -1.17079 1.54316
46.2788 0.525427 -1.26304 1.42371
46.3556 0.537435 -1.33799 1.29303
46.4326 0.552239 -1.39513 1.1544
46.51 0.569787 -1.43457 1.01103
46.5876 0.590015 -1.45696 0.865949
46.6656 0.612842 -1.46339 0.721855
46.744 0.63817 -1.45527 0.581055
46.8228 0.665884 -1.43419 0.445422
46.9019 0.69585 -1.40183 0.316398
46.9814 0.727915 -1.35987 0.195023
47.0614 0.761909 -1.30993 0.0819758
47.1417 0.797641 -1.2535 -0.022368
47.2225 0.834905 -1.19193 -0.117881
47.3036 0.873478 -1.12641 -0.20463
47.3851 0.913121 -1.05799 -0.282826
47.467 0.953583 -0.987556 -0.352782
47.5492 0.994599 -0.915841 -0.414879
47.6318 1.0359 -0.843463 -0.469536
47.7148 1.07719 -0.770925 -0.517189
47.7981 1.1182 -0.69863 -0.558276
47.8817 1.15864 -0.6269 -0.59322
47.9656 1.1982 -0.555983 -0.622428
48.0498 1.2366 -0.486073 -0.646279
48.1343 1.27356 -0.417315 -0.665124
48.2191 1.30879 -0.349813 -0.679284
48.3042 1.34202 -0.283645 -0.689046
48.3895 1.373 -0.218861 -0.69467
48.475 1.40148 -0.155496 -0.696383
48.5607 1.42722 -0.0935701 -0.694384
48.6467 1.45003 -0.0330951 -0.688846
48.7328 1.46971 0.0259231 -0.679914
48.8191 1.48609 0.0834814 -0.667709
48.9055 1.49904 0.139577 -0.65233
48.992 1.50844 0.194204 -0.633853
49.0786 1.51421 0.247354 -0.612337
49.1653 1.5163 0.299012 -0.587819
49.2519 1.51469 0.349156 -0.560318
49.3386 1.50938 0.397755 -0.529838
49.4253 1.50042 0.444765 -0.496366
49.5119 1.48788 0.490134 -0.459872
49.5985 1.47187 0.53379 -0.420313
49.6849 1.45251 0.57565 -0.377634
49.7712 1.42997 0.615608 -0.331764
49.8573 1.40443 0.653538 -0.282622
49.9433 1.37611 0.689291 -0.230116
50.029 1.34522 0.722687 -0.174146
50.1145 1.31202 0.753519 -0.114607
50.1998 1.27676 0.781542 -0.0513895
50.2848 1.23973 0.806473 0.0156146
50.3696 1.20121 0.827985 0.0865063
50.454 1.16149 0.845705 0.161374
50.5382 1.12086 0.859205 0.240284
50.622 1.07962 0.868004 0.32327
50.7055 1.03808 0.871563 0.410322
50.7886 0.99651 0.869281 0.501365
50.8714 0.955212 0.860503 0.596247
50.9539 0.914463 0.844516 0.694709
51.0359 0.874531 0.820565 0.796364
51.1176 0.835675 0.787867 0.900669
51.1989 0.798139 0.745632 1.00689
51.2797 0.762151 0.693094 1.11407
51.3602 0.727923 0.629561 1.22102
51.4403 0.69565 0.554459 1.32627
51.52 0.665507 0.467406 1.42807
51.5992 0.63765 0.368283 1.5244
51.6781 0.612217 0.257311 1.61301
51.7566 0.589326 0.135128 1.69147
51.8347 0.569074 0.00285528 1.75724
51.9124 0.551543 -0.137868 1.80784
51.9898 0.536796 -0.284877 1.84099
52.0669 0.524881 -0.435526 1.85475
52.1438 0.515831 -0.586779 1.84769
52.2204 0.509668 -0.735348 1.81905
52.297 0.506404 -0.877869 1.76885
52.3734 0.506042 -1.01109 1.69786
52.4498 0.508579 -1.13209 1.60766
52.5263 0.514003 -1.23838 1.50048
52.6029 0.522298 -1.32811 1.37908
52.6796 0.533437 -1.40009 1.2466
52.7566 0.547384 -1.45379 1.10632
52.8338 0.564094 -1.48937 0.961476
52.9114 0.583504 -1.50751 0.815142
52.9893 0.60554 -1.50937 0.670057
53.0675 0.630109 -1.49642 0.528563
53.1462 0.657101 -1.47033 0.392565
53.2252 0.686389 -1.43287 0.263524
53.3046 0.717825 -1.38579 0.142488
53.3844 0.751244 -1.33078 0.0301359
53.4647 0.786462 -1.26941 -0.0731702
53.5453 0.823278 -1.20308 -0.167323
53.6263 0.861472 -1.13303 -0.252415
53.7077 0.900812 -1.06033 -0.328688
53.7894 0.941049 -0.985906 -0.396486
53.8716 0.981924 -0.910504 -0.456223
53.9541 1.02316 -0.834753 -0.508349
54.0369 1.06449 -0.75916 -0.553332
54.1201 1.10562 -0.684127 -0.591637
54.2036 1.14626 -0.60997 -0.623714
54.2874 1.18612 -0.536933 -0.649992
54.3716 1.22491 -0.465201 -0.670873
54.456 1.26235 -0.394906 -0.686725
54.5407 1.29814 -0.326145 -0.697885
54.6257 1.33202 -0.258983 -0.704657
54.7109 1.36372 -0.193461 -0.70731
54.7963 1.39299 -0.129603 -0.706085
54.882 1.4196 -0.0674183 -0.701191
54.9679 1.44333 -0.00691027 -0.692807
55.054 1.46399 0.0519239 -0.681088
55.1402 1.4814 0.109089 -0.666163
55.2266 1.49542 0.164588 -0.648136
55.313 1.50593 0.218423 -0.627092
55.3996 1.51282 0.270591 -0.603094
55.4863 1.51605 0.321081 -0.576186
55.573 1.51558 0.369875 -0.546394
55.6596 1.51141 0.416945 -0.51373
55.7463 1.50357 0.462252 -0.478186
55.833 1.49212 0.505745 -0.439742
55.9195 1.47716 0.547356 -0.398364
56.006 1.45882 0.587001 -0.354004
56.0923 1.43724 0.624579 -0.306603
56.1785 1.41261 0.659966 -0.256092
56.2645 1.38512 0.693013 -0.202389
56.3503 1.35499 0.723545 -0.145411
56.4359 1.32247 0.751358 -0.0850636
56.5213 1.28782 0.776212 -0.0212552
56.6064 1.25131 0.79783 0.0461055
56.6912 1.21322 0.815893 0.117102
56.7758 1.17383 0.830036 0.191804
56.86 1.13345 0.839846 0.27026
56.9439 1.09237 0.844857 0.352484
57.0275 1.05089 0.844548 0.438447
57.1108 1.0093 0.838342 0.528059
57.1937 0.967886 0.825608 0.621153
57.2762 0.926938 0.805669 0.717462
57.3584 0.886727 0.777804 0.816594
57.4402 0.847513 0.74127 0.918007
57.5216 0.809545 0.69532 1.02098
57.6026 0.773057 0.639237 1.12458
57.6832 0.738266 0.572374 1.22765
57.7634 0.705371 0.494203 1.32877
57.8432 0.674554 0.404386 1.42624
57.9226 0.645978 0.302839 1.51813
58.0016 0.619785 0.189809 1.60226
58.0801 0.596099 0.065953 1.67628
58.1583 0.575025 -0.0676032 1.73774
58.2362 0.556649 -0.209223 1.78424
58.3137 0.541038 -0.356753 1.81354
58.3909 0.528247 -0.507561 1.82374
58.4678 0.518311 -0.65862 1.81345
58.5446 0.511257 -0.806647 1.78188
58.6211 0.5071 -0.948273 1.72903
58.6976 0.505844 -1.08024 1.65565
58.774 0.507489 -1.19958 1.56327
58.8504 0.512026 -1.3038 1.4541
58.927 0.519439 -1.39103 1.33088
59.0036 0.529705 -1.46006 1.19674
59.0806 0.542792 -1.51037 1.05497
59.1577 0.558656 -1.54212 0.908842
59.2352 0.577242 -1.55606 0.761454
59.313 0.598478 -1.55338 0.615584
59.3911 0.622278 -1.53562 0.47361
59.4696 0.648537 -1.50455 0.337463
59.5485 0.677133 -1.46201 0.208624
59.6278 0.707924 -1.40983 0.0881479
59.7075 0.740751 -1.34978 -0.0232911
59.7876 0.775436 -1.28349 -0.125344
59.8681 0.811781 -1.21243 -0.217925
59.949 0.849575 -1.13788 -0.301155
60.0303 0.888588 -1.06096 -0.375305
60.1119 0.928576 -0.982591 -0.440755
60.1939 0.969283 -0.903565 -0.497952
60.2763 1.01044 -0.824511 -0.547379
60.3591 1.05177 -0.74594 -0.589534
60.4422 1.09299 -0.668254 -0.624911
60.5256 1.13382 -0.591765 -0.653988
60.6093 1.17395 -0.516707 -0.677217
60.6933 1.2131 -0.443256 -0.69502
60.7777 1.25098 -0.371534 -0.707786
60.8623 1.28731 -0.301626 -0.715866
60.9472 1.3218 -0.233585 -0.71958
61.0323 1.3542 -0.167441 -0.719209
61.1177 1.38425 -0.103206 -0.715005
61.2033 1.4117 -0.04088 -0.707185
61.2891 1.43634 0.0195449 -0.695939
61.3751 1.45797 0.0780803 -0.681428
61.4613 1.4764 0.134739 -0.663788
61.5476 1.49147 0.189533 -0.643131
61.6341 1.50307 0.242471 -0.619546
61.7207 1.51109 0.293554 -0.593103
61.8073 1.51545 0.342779 -0.563853
61.894 1.51612 0.390131 -0.531828
61.9807 1.51309 0.435588 -0.497045
62.0673 1.50637 0.479113 -0.459505
62.154 1.49602 0.520658 -0.419195
62.2406 1.48214 0.56016 -0.376089
62.3271 1.46482 0.597536 -0.330147
62.4135 1.44422 0.632688 -0.281322
62.4997 1.42051 0.665495 -0.229554
62.5858 1.39387 0.69581 -0.174774
62.6716 1.36454 0.723465 -0.116911
62.7573 1.33273 0.748256 -0.0558857
62.8427 1.29871 0.76995 0.00837927
62.9279 1.26274 0.788278 0.0759588
63.0128 1.2251 0.802927 0.14692
63.0975 1.18608 0.813545 0.221314
63.1818 1.14598 0.81973 0.29917
63.2658 1.10508 0.821031 0.380488
63.3495 1.06369 0.816948 0.465218
63.4329 1.0221 0.806925 0.553258
63.5159 0.980604 0.79036 0.644425
63.5985 0.939484 0.766603 0.738442
63.6808 0.899017 0.734972 0.834916
63.7627 0.859469 0.69476 0.933307
63.8443 0.821092 0.645264 1.0329
63.9254 0.784124 0.585811 1.1328
64.0061 0.748788 0.515797 1.23186
64.0864 0.715289 0.434742 1.32872
64.1664 0.683814 0.342344 1.42175
64.2459 0.654531 0.238553 1.50907
64.325 0.62759 0.123644 1.58859
64.4037 0.60312 -0.00171345 1.65804
64.482 0.581232 -0.136389 1.71507
64.56 0.562017 -0.278753 1.75734
64.6376 0.545548 -0.426664 1.78267
64.7149 0.531884 -0.577504 1.78922
64.7919 0.521065 -0.728263 1.7756
64.8687 0.513122 -0.875661 1.74105
64.9453 0.508071 -1.01633 1.68553
65.0217 0.505922 -1.14699 1.60976
65.0981 0.506674 -1.26466 1.51524
65.1746 0.510321 -1.36682 1.40415
65.2511 0.51685 -1.45156 1.27922
65.3277 0.526241 -1.51767 1.14355
65.4045 0.538463 -1.56463 1.00045
65.4816 0.553477 -1.59261 0.85321
65.559 0.571232 -1.60239 0.704958
65.6367 0.59166 -1.59522 0.558505
65.7147 0.614681 -1.57271 0.41626
65.7931 0.640194 -1.53669 0.280178
65.8719 0.668084 -1.4891 0.151758
65.9511 0.698216 -1.43186 0.0320596
66.0306 0.730434 -1.36681 -0.078249
66.1106 0.764566 -1.29565 -0.178834
66.191 0.800423 -1.2199 -0.269632
66.2717 0.837794 -1.1409 -0.350795
66.3529 0.876457 -1.0598 -0.422625
66.4344 0.916172 -0.977559 -0.485539
66.5163 0.956685 -0.894978 -0.540016
66.5986 0.997733 -0.8127 -0.586574
66.6813 1.03904 -0.731237 -0.625745
66.7642 1.08033 -0.650992 -0.658051
66.8475 1.1213 -0.572269 -0.683997
66.9312 1.16168 -0.495295 -0.70406
67.0151 1.20116 -0.420235 -0.718682
67.0994 1.23946 -0.347199 -0.728271
67.1839 1.2763 -0.276261 -0.733195
67.2687 1.31139 -0.20746 -0.733787
67.3538 1.34446 -0.140813 -0.730342
67.4391 1.37526 -0.0763208 -0.72312
67.5246 1.40353 -0.0139719 -0.71235
67.6104 1.42906 0.0462522 -0.698228
67.6963 1.45164 0.104373 -0.680924
67.7825 1.47107 0.160414 -0.660579
67.8688 1.4872 0.214393 -0.637311
67.9552 1.49988 0.266328 -0.611217
68.0417 1.50901 0.316226 -0.582371
68.1283 1.5145 0.36409 -0.55083
68.215 1.51631 0.409911 -0.516631
68.3017 1.51441 0.453671 -0.479799
68.3884 1.50883 0.495338 -0.44034
68.475 1.49959 0.534868 -0.398249
68.5616 1.48679 0.5722 -0.353507
68.6482 1.47051 0.607255 -0.306085
68.7346 1.45091 0.639939 -0.255942
68.8209 1.42813 0.670134 -0.20303
68.907 1.40238 0.697697 -0.147292
68.9929 1.37385 0.722463 -0.0886681
69.0787 1.34277 0.744234 -0.0270931
69.1642 1.30941 0.762784 0.0374962
69.2494 1.27401 0.777848 0.105159
69.3344 1.23686 0.789125 0.175947
69.4191 1.19823 0.796272 0.249894
69.5036 1.15843 0.798901 0.327013
69.5877 1.11774 0.796577 0.407284
69.6715 1.07647 0.788818 0.490645
69.7549 1.03491 0.775091 0.576975
69.8381 0.993357 0.754821 0.666081
69.9208 0.952091 0.727388 0.757679
70.0032 0.911395 0.692142 0.851369
70.0853 0.871536 0.648416 0.946615
70.1669 0.832773 0.595547 1.04272
70.2482 0.795346 0.532904 1.13879
70.329 0.759485 0.459927 1.23374
70.4095 0.725399 0.376177 1.32623
70.4895 0.693282 0.281389 1.4147
70.5691 0.663307 0.175546 1.49734
70.6484 0.63563 0.0589445 1.57214
70.7272 0.610386 -0.0677327 1.63691
70.8056 0.587692 -0.203354 1.68938
70.8837 0.567645 -0.346296 1.72729
70.9614 0.550324 -0.494436 1.74855
71.0388 0.53579 -0.645172 1.75134
71.1159 0.524092 -0.795511 1.73432
71.1927 0.515261 -0.942184 1.69672
71.2694 0.509318 -1.08182 1.63849
71.3459 0.506274 -1.21112 1.56033
71.4223 0.506133 -1.3271 1.46371
71.4987 0.50889 -1.4272 1.35077
71.5752 0.514534 -1.50948 1.22421
71.6518 0.523045 -1.57271 1.08714
71.7286 0.534399 -1.61637 0.942857
71.8056 0.548558 -1.64063 0.794677
71.8828 0.565475 -1.64631 0.645745
71.9604 0.585088 -1.63471 0.498904
72.0383 0.60732 -1.6075 0.35659
72.1166 0.632077 -1.5666 0.220784
72.1953 0.659249 -1.51402 0.0929962
72.2743 0.688705 -1.45177 -0.02571
72.3538 0.720298 -1.38177 -0.134674
72.4336 0.753861 -1.30578 -0.233577
72.5139 0.789208 -1.2254 -0.322385
72.5945 0.826136 -1.14201 -0.401276
72.6756 0.864426 -1.0568 -0.470591
72.757 0.903843 -0.970755 -0.53078
72.8388 0.944138 -0.884699 -0.58236
72.921 0.985049 -0.799283 -0.625884
73.0035 1.02631 -0.715024 -0.661916
73.0864 1.06763 -0.632319 -0.69101
73.1696 1.10873 -0.551468 -0.713697
73.2531 1.14932 -0.47269 -0.730478
73.3369 1.18911 -0.396135 -0.741818
73.4211 1.22781 -0.321905 -0.748143
73.5055 1.26513 -0.250056 -0.749838
73.5903 1.30078 -0.180616 -0.747249
73.6753 1.33451 -0.113589 -0.740682
73.7605 1.36603 -0.0489621 -0.730409
73.846 1.39511 0.0132887 -0.716667
73.9317 1.42151 0.0731931 -0.699661
74.0176 1.44501 0.130784 -0.679565
74.1036 1.46543 0.186092 -0.656529
74.1899 1.48259 0.239148 -0.630676
74.2762 1.49635 0.289975 -0.602107
74.3627 1.50658 0.338589 -0.570902
74.4493 1.5132 0.384999 -0.537123
74.536 1.51615 0.429201 -0.500814
74.6227 1.51539 0.471184 -0.462004
74.7094 1.51094 0.51092 -0.420706
74.796 1.50282 0.548368 -0.376921
74.8827 1.49111 0.583473 -0.330639
74.9692 1.47589 0.61616 -0.281837
75.0557 1.45729 0.646338 -0.230484
75.142 1.43548 0.673892 -0.176542
75.2282 1.41062 0.698686 -0.119964
75.3142 1.38292 0.720558 -0.0607023
75.4 1.3526 0.739316 0.00129542
75.4856 1.31991 0.754739 0.066079
75.5709 1.28511 0.766572 0.133693
75.656 1.24847 0.774522 0.204173
75.7408 1.21027 0.778258 0.277538
75.8253 1.1708 0.777405 0.353784
75.9095 1.13035 0.771544 0.432875
75.9934 1.08923 0.760211 0.514734
76.077 1.04773 0.742898 0.599226
76.1602 1.00614 0.719054 0.686147
76.2431 0.964753 0.688088 0.775203
76.3256 0.923852 0.649385 0.865992
76.4077 0.883708 0.602313 0.957981
76.4895 0.84458 0.546249 1.05048
76.5709 0.806717 0.480601 1.14263
76.6519 0.77035 0.404853 1.23336
76.7324 0.735696 0.318603 1.32139
76.8126 0.702953 0.221624 1.4052
76.8924 0.672301 0.113926 1.48306
76.9717 0.643901 -0.00417251 1.55303
77.0507 0.617895 -0.131978 1.61301
77.1292 0.594404 -0.268361 1.66082
77.2074 0.573532 -0.411707 1.69428
77.2852 0.555364 -0.559911 1.71135
77.3627 0.539966 -0.710396 1.7103
77.4399 0.527391 -0.860185 1.68979
77.5168 0.517673 -1.00602 1.64908
77.5935 0.510839 -1.14454 1.5881
77.67 0.506903 -1.27244 1.50755
77.7465 0.505868 -1.38669 1.40884
77.8229 0.507733 -1.48472 1.2941
77.8994 0.512489 -1.56456 1.16601
77.9759 0.520119 -1.62495 1.02765
78.0526 0.530601 -1.66536 0.882321
78.1295 0.543901 -1.68598 0.733356
78.2067 0.559974 -1.68763 0.583919
78.2842 0.578764 -1.67167 0.436877
78.362 0.600199 -1.63985 0.294692
78.4402 0.624189 -1.59413 0.159365
78.5187 0.65063 -1.53663 0.0324174
78.5977 0.679398 -1.46943 -0.0850856
78.677 0.71035 -1.39453 -0.192493
78.7567 0.743325 -1.31379 -0.289506
78.8368 0.778143 -1.22884 -0.376116
78.9174 0.814606 -1.14113 -0.452535
78.9983 0.852501 -1.05189 -0.519141
79.0796 0.891597 -0.962127 -0.576419
79.1613 0.931649 -0.872686 -0.624927
79.2433 0.972399 -0.784228 -0.665253
79.3257 1.01358 -0.697272 -0.697994
79.4085 1.05491 -0.612216 -0.723736
79.4916 1.09611 -0.52935 -0.743038
79.575 1.13689 -0.448884 -0.756427
79.6588 1.17696 -0.370956 -0.764388
79.7429 1.21603 -0.295653 -0.767365
79.8272 1.2538 -0.223019 -0.765761
79.9119 1.29 -0.153066 -0.759934
79.9968 1.32434 -0.0857842 -0.750203
80.0819 1.35657 -0.0211465 -0.73685
80.1673 1.38643 0.0408835 -0.720119
80.253 1.41367 0.100348 -0.700222
80.3388 1.43809 0.157291 -0.677342
80.4248 1.45948 0.211755 -0.651632
80.511 1.47766 0.263778 -0.623221
80.5973 1.49248 0.313393 -0.592215
80.6838 1.50381 0.360625 -0.5587
80.7704 1.51155 0.405488 -0.522741
80.857 1.51563 0.447987 -0.484388
80.9437 1.51602 0.488114 -0.443674
81.0304 1.5127 0.525848 -0.400619
81.1171 1.50571 0.561153 -0.35523
81.2037 1.49509 0.593977 -0.307503
81.2903 1.48094 0.624252 -0.257423
81.3768 1.46337 0.65189 -0.204969
81.4631 1.44253 0.67678 -0.15011
81.5494 1.41858 0.698792 -0.0928106
81.6354 1.39174 0.717767 -0.0330331
81.7213 1.3622 0.733522 0.0292621
81.8069 1.33022 0.745843 0.0941118
81.8923 1.29604 0.754481 0.161547
81.9775 1.25993 0.759154 0.231589
82.0624 1.22218 0.759542 0.30424
82.147 1.18307 0.755284 0.379483
82.2313 1.14289 0.745979 0.457266
82.3153 1.10195 0.73118 0.537497
82.399 1.06053 0.710401 0.620028
82.4823 1.01894 0.683117 0.704644
82.5653 0.977461 0.648766 0.791045
82.6479 0.936381 0.606766 0.878825
82.7302 0.895975 0.55652 0.967455
82.8121 0.856508 0.497442 1.05626
82.8936 0.818229 0.42898 1.14439
82.9747 0.781378 0.350657 1.23081
83.0554 0.746174 0.262108 1.31429
83.1357 0.712823 0.163141 1.39336
83.2155 0.681509 0.0537926 1.46635
83.295 0.652399 -0.0656006 1.5314
83.3741 0.625642 -0.194337 1.5865
83.4528 0.601364 -0.331287 1.62955
83.5311 0.579676 -0.474853 1.65846
83.609 0.560667 -0.622948 1.67126
83.6866 0.54441 -0.773021 1.66627
83.7638 0.530961 -0.922119 1.6422
83.8408 0.52036 -1.067 1.59832
83.9176 0.512636 -1.20431 1.53456
83.9942 0.507806 -1.33073 1.45159
84.0707 0.505877 -1.44322 1.35082
84.1471 0.50685 -1.53917 1.23433
84.2235 0.510717 -1.61659 1.10477
84.3 0.517464 -1.67419 0.965221
84.3767 0.527071 -1.71141 0.818979
84.4535 0.539507 -1.72846 0.669376
84.5306 0.554732 -1.72617 0.519598
84.608 0.572692 -1.70594 0.372534
84.6857 0.59332 -1.66957 0.230668
84.7638 0.616534 -1.61913 0.0960167
84.8422 0.642233 -1.55678 -0.0298879
84.921 0.670298 -1.48471 -0.145982
85.0002 0.700594 -1.40501 -0.251626
85.0798 0.732964 -1.31958 -0.346543
85.1598 0.767234 -1.23015 -0.430753
85.2402 0.803213 -1.1382 -0.504502
85.321 0.840691 -1.04501 -0.568206
85.4022 0.879442 -0.951624 -0.622392
85.4838 0.919227 -0.858895 -0.667654
85.5657 0.95979 -0.767499 -0.70462
85.648 1.00087 -0.677957 -0.733922
85.7307 1.04218 -0.590664 -0.756177
85.8137 1.08346 -0.505903 -0.771972
85.897 1.1244 -0.423872 -0.78186
85.9807 1.16471 -0.344697 -0.786348
86.0646 1.20412 -0.268449 -0.785898
86.1489 1.24232 -0.195159 -0.780929
86.2335 1.27903 -0.124821 -0.771813
86.3183 1.31398 -0.0574126 -0.75888
86.4034 1.34688 0.00710899 -0.74242
86.4887 1.3775 0.0687938 -0.722687
86.5743 1.40557 0.127697 -0.699899
86.66 1.43089 0.183875 -0.674245
86.746 1.45323 0.237381 -0.645882
86.8321 1.47241 0.288263 -0.614946
86.9184 1.48828 0.336564 -0.581546
87.0049 1.5007 0.382316 -0.545771
87.0914 1.50955 0.425542 -0.507692
87.178 1.51477 0.466254 -0.467363
87.2647 1.5163 0.50445 -0.424822
87.3514 1.51412 0.540114 -0.380094
87.4381 1.50825 0.573217 -0.333192
87.5247 1.49874 0.603711 -0.284118
87.6113 1.48567 0.631533 -0.232865
87.6979 1.46914 0.656599 -0.179417
87.7843 1.44929 0.678806 -0.123755
87.8705 1.42628 0.698026 -0.0658511
87.9566 1.4003 0.714109 -0.0056789
88.0426 1.37157 0.726876 0.0567899
88.1283 1.34031 0.736121 0.12158
88.2138 1.30678 0.741605 0.18871
88.299 1.27124 0.743055 0.258185
88.384 1.23397 0.740163 0.329997
88.4687 1.19524 0.732583 0.40411
88.5531 1.15536 0.719928 0.480462
88.6372 1.11462 0.701773 0.558944
88.721 1.07332 0.677652 0.639398
88.8044 1.03175 0.647066 0.721599
88.8875 0.990206 0.609483 0.805239
88.9702 0.948974 0.564349 0.889911
89.0526 0.908332 0.511103 0.975088
89.1346 0.868548 0.449195 1.06011
89.2162 0.829878 0.378113 1.14414
89.2974 0.792562 0.297414 1.22618
89.3783 0.756829 0.206772 1.30502
89.4587 0.722886 0.106025 1.37928
89.5387 0.690926 -0.0047652 1.44733
89.6183 0.66112 -0.125245 1.50739
89.6975 0.633624 -0.254705 1.55753
89.7763 0.60857 -0.392023 1.59575
89.8547 0.586074 -0.535615 1.62002
89.9327 0.566232 -0.683419 1.62847
90.0104 0.54912 -0.832911 1.61946
90.0878 0.534801 -0.981165 1.59175
90.1649 0.523319 -1.12497 1.54464
90.2417 0.514707 -1.26096 1.47806
90.3183 0.508985 -1.38582 1.39267
90.3948 0.506162 -1.4965 1.28984
90.4713 0.506241 -1.59037 1.17163
90.5477 0.509218 -1.66538 1.04067
90.6241 0.51508 -1.72022 0.900028
90.7007 0.523809 -1.75432 0.752985
90.7775 0.535377 -1.76787 0.602882
90.8545 0.549748 -1.76173 0.452918
90.9318 0.566872 -1.73732 0.306001
91.0094 0.586687 -1.69652 0.164633
91.0874 0.609114 -1.64144 0.0308473
91.1657 0.63406 -1.57435 -0.0938192
91.2444 0.66141 -1.4975 -0.208305
91.3235 0.691034 -1.41308 -0.311985
91.403 0.722783 -1.32306 -0.404605
91.4828 0.756488 -1.22923 -0.486216
91.5631 0.791962 -1.13314 -0.557101
91.6438 0.829002 -1.03611 -0.617717
91.7249 0.867386 -0.939195 -0.66863
91.8063 0.906878 -0.843287 -0.710478
91.8881 0.947229 -0.749065 -0.743927
91.9703 0.988177 -0.657055 -0.769643
92.0529 1.02945 -0.567647 -0.788278
92.1358 1.07077 -0.481116 -0.800448
92.219 1.11184 -0.397649 -0.806731
92.3026 1.15238 -0.317358 -0.807655
92.3865 1.1921 -0.240298 -0.803703
92.4706 1.2307 -0.166484 -0.795307
92.5551 1.2679 -0.0958947 -0.782854
92.6398 1.30342 -0.0284901 -0.766684
92.7248 1.33698 0.0357865 -0.747097
92.8101 1.36833 0.0970003 -0.724353
92.8956 1.39721 0.15522 -0.698677
92.9813 1.4234 0.210514 -0.670263
93.0672 1.44668 0.262948 -0.639274
93.1533 1.46685 0.312582 -0.605848
93.2396 1.48376 0.359467 -0.570098
93.3259 1.49725 0.403644 -0.532119
93.4124 1.50721 0.445145 -0.491984
93.499 1.51355 0.483989 -0.449751
93.5857 1.51622 0.52018 -0.405462
93.6724 1.51518 0.55371 -0.359148
93.7591 1.51045 0.584554 -0.310825
93.8457 1.50206 0.612672 -0.260503
93.9324 1.49007 0.638004 -0.20818
94.0189 1.47459 0.660473 -0.153849
94.1054 1.45575 0.67998 -0.0974957
94.1917 1.43369 0.696404 -0.0391048
94.2778 1.40861 0.709601 0.0213422
94.3638 1.3807 0.719399 0.0838627
94.4496 1.3502 0.7256 0.14847
94.5352 1.31734 0.727974 0.215169
94.6205 1.28239 0.726259 0.283955
94.7055 1.24562 0.720158 0.354803
94.7903 1.20731 0.709341 0.427668
94.8748 1.16775 0.693436 0.502469
94.959 1.12724 0.672038 0.579089
95.0429 1.08608 0.644704 0.657357
95.1264 1.04456 0.610956 0.737039
95.2096 1.00298 0.570293 0.81782
95.2925 0.961623 0.522191 0.899292
95.375 0.92077 0.466122 0.980932
95.4571 0.880694 0.401573 1.06209
95.5388 0.841654 0.328065 1.14195
95.6202 0.803897 0.245195 1.21954
95.7011 0.767653 0.152667 1.2937
95.7817 0.733137 0.0503508 1.36307
95.8618 0.700547 -0.0616675 1.42612
95.9415 0.670061 -0.18302 1.48114
96.0208 0.641838 -0.312994 1.52626
96.0998 0.616019 -0.450472 1.55957
96.1783 0.592724 -0.593889 1.57914
96.2564 0.572055 -0.74121 1.58316
96.3342 0.554096 -0.889942 1.57006
96.4117 0.538911 -1.03719 1.53866
96.4889 0.526551 -1.17977 1.48826
96.5658 0.517052 -1.31432 1.41883
96.6424 0.510438 -1.43755 1.33099
96.719 0.506722 -1.54637 1.2261
96.7954 0.505908 -1.63812 1.10621
96.8718 0.507993 -1.71073 0.973911
96.9483 0.512968 -1.76286 0.832251
97.0248 0.520817 -1.7939 0.684513
97.1016 0.531514 -1.80404 0.534035
97.1785 0.545026 -1.79413 0.384029
97.2557 0.561308 -1.76566 0.237416
97.3332 0.580302 -1.72052 0.0967178
97.4111 0.601934 -1.66092 -0.0360235
97.4893 0.626115 -1.58919 -0.159265
97.5678 0.652737 -1.50768 -0.271951
97.6468 0.681676 -1.41863 -0.373472
97.7262 0.712788 -1.32413 -0.4636
97.8059 0.745909 -1.22602 -0.542418
97.8861 0.78086 -1.12589 -0.610251
97.9666 0.81744 -1.02511 -0.667595
98.0476 0.855434 -0.924792 -0.715062
98.1289 0.894611 -0.825821 -0.75333
98.2106 0.934726 -0.728895 -0.783106
98.2927 0.975518 -0.634542 -0.805095
98.3751 1.01672 -0.543148 -0.819982
98.4579 1.05805 -0.454981 -0.828413
98.5411 1.09923 -0.370213 -0.83099
98.6245 1.13997 -0.288941 -0.828265
98.7083 1.17997 -0.211207 -0.820739
98.7924 1.21895 -0.137005 -0.808859
98.8768 1.25661 -0.0663002 -0.793025
98.9614 1.29268 0.000966492 -0.773589
99.0463 1.32687 0.0648672 -0.750857
99.1315 1.35893 0.125482 -0.725098
99.2169 1.38859 0.182895 -0.696542
99.3026 1.41563 0.237187 -0.665387
99.3884 1.43983 0.288437 -0.631801
99.4745 1.46098 0.336714 -0.595925
99.5607 1.47891 0.382082 -0.557876
99.647 1.49346 0.42459 -0.51775
99.7335 1.50452 0.46428 -0.475626
99.8201 1.51199 0.501176 -0.431563
99.9067 1.51579 0.535293 -0.385608
99.9934 1.5159 0.566627 -0.337796
100.08 1.5123 0.59516 -0.288147
100.167 1.50503 0.620857 -0.236677
100.253 1.49414 0.643667 -0.183389
100.34 1.47972 0.663515 -0.128282
100.426 1.4619 0.68031 -0.0713525
100.513 1.44081 0.693938 -0.0125904
100.599 1.41664 0.704259 0.0480131
100.685 1.38958 0.711112 0.110465
100.771 1.35985 0.714304 0.174768
100.857 1.32769 0.713617 0.240917
100.942 1.29336 0.708798 0.308892
101.027 1.25712 0.699565 0.378659
101.112 1.21925 0.685599 0.450157
101.197 1.18005 0.666547 0.523296
101.281 1.1398 0.642022 0.597946
101.365 1.09881 0.611603 0.673925
101.448 1.05737 0.574838 0.75099
101.532 1.01578 0.531251 0.828823
101.615 0.97432 0.480349 0.907013
101.697 0.933282 0.421636 0.985042
101.78 0.892939 0.354634 1.06226
101.861 0.853553 0.278898 1.13789
101.943 0.815375 0.19406 1.21098
102.024 0.778641 0.0998572 1.2804
102.105 0.743572 -0.00381362 1.34486
102.185 0.710368 -0.116844 1.40286
102.265 0.679216 -0.238853 1.45278
102.344 0.650281 -0.369124 1.49284
102.423 0.623707 -0.506551 1.52119
102.502 0.599623 -0.649586 1.536
102.58 0.578136 -0.796225 1.53554
102.658 0.559334 -0.944009 1.5183
102.736 0.543289 -1.09008 1.48313
102.813 0.530054 -1.23128 1.42941
102.89 0.519671 -1.36427 1.35708
102.967 0.512167 -1.48577 1.26677
103.043 0.507557 -1.59266 1.15984
103.12 0.505849 -1.68226 1.03828
103.196 0.507042 -1.75248 0.904691
103.272 0.511129 -1.80193 0.762088
103.349 0.518094 -1.82997 0.613747
103.426 0.527917 -1.83678 0.463009
103.502 0.540567 -1.82322 0.313092
103.58 0.556002 -1.79079 0.166932
103.657 0.574167 -1.74144 0.0270626
103.735 0.594995 -1.67744 -0.104464
103.813 0.618402 -1.60119 -0.226102
103.891 0.644285 -1.51513 -0.336806
103.97 0.672525 -1.42158 -0.435981
104.049 0.702984 -1.32271 -0.523429
104.129 0.735504 -1.22042 -0.599268
104.209 0.769912 -1.11638 -0.663865
104.289 0.806012 -1.01198 -0.717759
104.37 0.843595 -0.908368 -0.761608
104.452 0.882434 -0.80646 -0.796136
104.533 0.922286 -0.70696 -0.82209
104.615 0.962898 -0.610398 -0.840216
104.697 1.004 -0.517155 -0.85123
104.78 1.04533 -0.427489 -0.855811
104.863 1.08658 -0.341561 -0.854587
104.946 1.12749 -0.259451 -0.848132
105.03 1.16775 -0.181183 -0.836964
105.114 1.20707 -0.106735 -0.821548
105.198 1.24517 -0.0360529 -0.802296
105.283 1.28175 0.0309396 -0.779567
105.368 1.31655 0.0943313 -0.753679
105.453 1.3493 0.154219 -0.724904
105.538 1.37972 0.2107 -0.69348
105.624 1.4076 0.263872 -0.659608
105.71 1.43269 0.313824 -0.623458
105.796 1.4548 0.360639 -0.585176
105.882 1.47374 0.404389 -0.54488
105.968 1.48935 0.445137 -0.50267
106.055 1.5015 0.48293 -0.458625
106.141 1.51008 0.517803 -0.41281
106.228 1.51501 0.549777 -0.365274
106.314 1.51626 0.578856 -0.316053
106.401 1.5138 0.605029 -0.265175
106.488 1.50766 0.628267 -0.212657
106.574 1.49787 0.648523 -0.15851
106.661 1.48453 0.665732 -0.102738
106.748 1.46774 0.679807 -0.0453439
106.834 1.44765 0.690641 0.0136743
106.92 1.42441 0.698103 0.0743171
107.006 1.39821 0.702036 0.136582
107.092 1.36928 0.70226 0.200463
107.178 1.33784 0.698563 0.265942
107.263 1.30415 0.690706 0.332991
107.349 1.26847 0.678418 0.401561
107.434 1.23107 0.661395 0.471582
107.518 1.19225 0.639302 0.542952
107.603 1.15229 0.611769 0.615529
107.687 1.1115 0.578398 0.689123
107.77 1.07017 0.53876 0.763483
107.854 1.02859 0.492406 0.838285
107.937 0.987057 0.438874 0.913119
108.02 0.94586 0.377698 0.98747
108.102 0.905274 0.308432 1.0607
108.184 0.865566 0.230668 1.13205
108.266 0.82699 0.144067 1.20059
108.347 0.789788 0.0484009 1.26524
108.428 0.754183 -0.0564088 1.32474
108.508 0.720384 -0.170233 1.37767
108.588 0.688582 -0.292679 1.42246
108.667 0.658947 -0.423029 1.45742
108.747 0.631632 -0.560187 1.48078
108.825 0.606769 -0.702629 1.49079
108.904 0.584472 -0.848381 1.4858
108.982 0.564834 -0.995023 1.46436
109.059 0.547933 -1.13974 1.4254
109.137 0.533828 -1.27939 1.36831
109.214 0.522564 -1.41069 1.29305
109.291 0.51417 -1.53034 1.20026
109.367 0.508668 -1.63523 1.09127
109.444 0.506066 -1.72265 0.968075
109.52 0.506366 -1.79047 0.833233
109.597 0.509562 -1.83726 0.68975
109.673 0.515643 -1.86237 0.540891
109.75 0.524589 -1.86593 0.389996
109.826 0.536372 -1.84883 0.240288
109.904 0.550954 -1.81256 0.094716
109.981 0.568285 -1.75913 -0.0441769
110.058 0.588301 -1.69085 -0.17433
110.136 0.610924 -1.61021 -0.294198
110.215 0.636056 -1.51973 -0.402744
110.294 0.663584 -1.42182 -0.499397
110.373 0.693375 -1.3187 -0.583984
110.452 0.725279 -1.21236 -0.656665
110.532 0.759125 -1.10453 -0.717848
110.612 0.794725 -0.996644 -0.768121
110.693 0.831875 -0.889878 -0.808189
110.774 0.870352 -0.785169 -0.838821
110.856 0.909919 -0.683233 -0.860809
110.938 0.950325 -0.584603 -0.874938
111.02 0.991307 -0.489655 -0.88196
111.102 1.03259 -0.398636 -0.882586
111.185 1.0739 -0.311694 -0.87747
111.268 1.11494 -0.228893 -0.867208
111.352 1.15543 -0.150237 -0.852337
111.436 1.19507 -0.075687 -0.833338
111.52 1.23358 -0.00516927 -0.810632
111.605 1.27066 0.0614101 -0.784591
111.689 1.30604 0.124158 -0.755538
111.774 1.33945 0.183188 -0.723754
111.86 1.37061 0.238613 -0.689478
111.945 1.3993 0.290545 -0.652915
112.031 1.42527 0.339087 -0.61424
112.117 1.44832 0.384333 -0.573599
112.203 1.46825 0.426369 -0.531113
112.289 1.4849 0.465265 -0.486884
112.376 1.49813 0.501079 -0.440992
112.462 1.50782 0.533855 -0.393504
112.549 1.51388 0.563621 -0.344472
112.635 1.51627 0.590389 -0.293935
112.722 1.51495 0.614155 -0.241925
112.809 1.50994 0.634897 -0.188462
112.895 1.50127 0.652575 -0.133562
112.982 1.48901 0.667129 -0.0772348
113.069 1.47327 0.67848 -0.0194883
113.155 1.45418 0.686528 0.0396717
113.241 1.43189 0.691148 0.100238
113.328 1.40658 0.692193 0.1622
113.413 1.37847 0.689491 0.225542
113.499 1.34778 0.68284 0.290237
113.585 1.31475 0.672013 0.356246
113.67 1.27965 0.656752 0.42351
113.755 1.24275 0.636768 0.491947
113.84 1.20434 0.611741 0.561446
113.924 1.1647 0.581322 0.631854
114.009 1.12414 0.545132 0.702973
114.092 1.08294 0.502769 0.774545
114.176 1.0414 0.453807 0.846243
114.259 0.999826 0.397815 0.917655
114.342 0.958496 0.334357 0.988272
114.424 0.917693 0.263018 1.05747
114.506 0.877687 0.183424 1.1245
114.588 0.838736 0.095268 1.18846
114.669 0.801086 -0.00165029 1.2483
114.75 0.764966 -0.107383 1.30283
114.831 0.73059 -0.221781 1.35067
114.911 0.698154 -0.344444 1.39032
114.991 0.667834 -0.474653 1.42016
115.07 0.639789 -0.611323 1.43851
115.149 0.614158 -0.752956 1.44369
115.227 0.59106 -0.897611 1.43413
115.305 0.570594 -1.04291 1.40848
115.383 0.552843 -1.18608 1.36568
115.461 0.537871 -1.32403 1.30519
115.538 0.525728 -1.45348 1.22697
115.615 0.516448 -1.57116 1.13169
115.691 0.510054 -1.67396 1.02065
115.768 0.506558 -1.75914 0.895829
115.844 0.505964 -1.82455 0.75977
115.921 0.50827 -1.86872 0.615461
115.997 0.513464 -1.89094 0.466158
116.074 0.52153 -1.89135 0.315197
116.151 0.532443 -1.8708 0.165808
116.227 0.546167 -1.83082 0.0209467
116.305 0.562658 -1.77344 -0.116833
116.382 0.581855 -1.70102 -0.245465
116.46 0.603684 -1.61614 -0.363407
116.538 0.628054 -1.52138 -0.469634
116.617 0.654858 -1.41924 -0.563594
116.696 0.683967 -1.31202 -0.645151
116.775 0.715237 -1.20178 -0.714502
116.855 0.748504 -1.0903 -0.772103
116.935 0.783586 -0.97906 -0.818589
117.016 0.820281 -0.86928 -0.854717
117.097 0.858374 -0.761914 -0.881304
117.178 0.897631 -0.657689 -0.899187
117.26 0.937806 -0.55714 -0.909192
117.342 0.978639 -0.460637 -0.91211
117.425 1.01986 -0.368418 -0.90868
117.507 1.06119 -0.280613 -0.899585
117.591 1.10235 -0.197272 -0.885445
117.674 1.14304 -0.118379 -0.866815
117.758 1.18297 -0.043875 -0.844188
117.842 1.22186 0.0263331 -0.818001
117.926 1.25941 0.0923583 -0.788632
118.011 1.29534 0.154326 -0.756413
118.096 1.32938 0.212367 -0.721628
118.181 1.36127 0.266611 -0.684521
118.267 1.39074 0.317183 -0.645301
118.352 1.41757 0.364203 -0.604142
118.438 1.44155 0.407776 -0.561194
118.524 1.46246 0.447999 -0.516578
118.61 1.48013 0.484955 -0.470397
118.697 1.49443 0.51871 -0.422734
118.783 1.50522 0.549317 -0.373656
118.87 1.51241 0.576813 -0.323217
118.956 1.51593 0.601218 -0.271459
119.043 1.51575 0.622534 -0.218415
119.13 1.51188 0.640748 -0.16411
119.216 1.50433 0.655824 -0.108563
119.303 1.49317 0.667712 -0.0517904
119.39 1.47849 0.676339 0.00619647
119.476 1.46041 0.681611 0.0653848
119.563 1.43908 0.683412 0.125761
119.649 1.41468 0.681604 0.187306
119.735 1.38741 0.676022 0.249996
119.821 1.35749 0.666477 0.313795
119.906 1.32516 0.652752 0.378654
119.992 1.29067 0.634602 0.444506
120.077 1.25429 0.611753 0.511258
120.162 1.21632 0.583903 0.578789
120.246 1.17702 0.550721 0.646938
120.33 1.13671 0.511849 0.715498
120.414 1.09567 0.466908 0.784208
120.498 1.05421 0.415499 0.852734
120.581 1.01262 0.357217 0.920668
120.664 0.971182 0.291658 0.987502
120.747 0.930188 0.218438 1.05263
120.829 0.889908 0.137212 1.1153
120.911 0.850605 0.0477068 1.17467
120.992 0.812529 -0.0502516 1.2297
121.073 0.775914 -0.15669 1.27924
121.154 0.740979 -0.271445 1.32198
121.234 0.707926 -0.394102 1.35649
121.314 0.676937 -0.523948 1.3812
121.393 0.648176 -0.659911 1.39453
121.472 0.621788 -0.800517 1.39488
121.551 0.597898 -0.943861 1.38075
121.629 0.576611 -1.08761 1.35085
121.707 0.558017 -1.22904 1.3042
121.785 0.542183 -1.3651 1.24028
121.862 0.529165 -1.49255 1.1591
121.939 0.519 -1.60814 1.06131
122.016 0.511715 -1.70875 0.948221
122.092 0.507326 -1.79164 0.821789
122.169 0.505838 -1.85462 0.684545
122.245 0.507251 -1.89616 0.539458
122.321 0.511557 -1.91556 0.389775
122.398 0.518741 -1.91289 0.23883
122.475 0.52878 -1.88901 0.089856
122.551 0.541643 -1.84544 -0.0541831
122.629 0.557287 -1.78424 -0.190726
122.706 0.575658 -1.70784 -0.317703
122.784 0.596685 -1.61887 -0.433575
122.862 0.620284 -1.51999 -0.537329
122.94 0.64635 -1.41377 -0.628441
123.019 0.674764 -1.30259 -0.706806
123.099 0.705385 -1.1886 -0.772665
123.178 0.738056 -1.07361 -0.826522
123.258 0.772599 -0.959177 -0.869066
123.339 0.80882 -0.846535 -0.901103
123.42 0.846506 -0.736665 -0.923502
123.501 0.885431 -0.630306 -0.937147
123.582 0.92535 -0.527994 -0.942907
123.664 0.966009 -0.430094 -0.941611
123.747 1.00714 -0.336832 -0.934032
123.83 1.04847 -0.248323 -0.920879
123.913 1.08971 -0.164598 -0.902795
123.996 1.13057 -0.0856221 -0.880353
124.08 1.17077 -0.0113154 -0.854063
124.164 1.21001 0.0584352 -0.82437
124.248 1.248 0.123763 -0.791663
124.333 1.28447 0.184812 -0.75628
124.417 1.31912 0.241731 -0.718509
124.503 1.35169 0.294668 -0.678597
124.588 1.38194 0.343763 -0.636755
124.674 1.40961 0.389148 -0.593159
124.759 1.43448 0.430944 -0.547959
124.845 1.45635 0.46926 -0.501277
124.931 1.47504 0.504188 -0.453217
125.018 1.4904 0.535806 -0.403861
125.104 1.50228 0.564175 -0.353278
125.191 1.51058 0.589342 -0.301522
125.277 1.51524 0.611334 -0.248639
125.364 1.5162 0.630161 -0.194662
125.451 1.51346 0.645816 -0.139619
125.537 1.50704 0.658274 -0.0835331
125.624 1.49698 0.667487 -0.0264235
125.664 1.4912 0.6706 -3.28499e-15
