0 1 0
0.077138 0.997026 -0.0770615
0.152316 0.988422 -0.151728
0.227303 0.974278 -0.225351
0.302271 0.954663 -0.297689
0.377236 0.929686 -0.368352
0.452202 0.899487 -0.436947
0.527167 0.864236 -0.503087
0.602132 0.82413 -0.566401
0.677098 0.779394 -0.626534
0.752063 0.730281 -0.683147
0.827029 0.677065 -0.735923
0.901994 0.620047 -0.784565
0.976959 0.559545 -0.8288
1.05192 0.4959 -0.868379
1.12689 0.42947 -0.903081
1.20186 0.360628 -0.93271
1.27682 0.289759 -0.9571
1.35179 0.217263 -0.976113
1.42675 0.143547 -0.989644
1.50172 0.069024 -0.997615
1.57668 -0.0058864 -0.999983
1.65165 -0.0807638 -0.996733
1.72661 -0.155188 -0.987885
1.80158 -0.22874 -0.973488
1.87654 -0.301007 -0.953622
1.95151 -0.371583 -0.9284
2.02648 -0.440072 -0.897962
2.10144 -0.506089 -0.862481
2.17641 -0.569263 -0.822155
2.25137 -0.62924 -0.777211
2.32634 -0.685682 -0.727901
2.4013 -0.738273 -0.674502
2.47627 -0.786716 -0.617315
2.55123 -0.830741 -0.55666
2.6262 -0.870099 -0.492878
2.70116 -0.904569 -0.426327
2.77613 -0.933958 -0.357382
2.85109 -0.958101 -0.286429
2.92606 -0.976863 -0.213868
3.00103 -0.990137 -0.140105
3.07599 -0.997849 -0.0655546
3.15096 -0.999956 0.0093636
3.22592 -0.996446 0.0842292
3.30089 -0.987339 0.158622
3.37585 -0.972686 0.232123
3.45082 -0.95257 0.304321
3.52578 -0.927102 0.374809
3.60075 -0.896427 0.443192
3.67571 -0.860716 0.509085
3.75068 -0.820171 0.572119
3.82565 -0.775018 0.631939
3.90061 -0.725512 0.688209
3.97558 -0.671931 0.740614
4.05054 -0.614575 0.788858
4.12551 -0.553768 0.832671
4.20047 -0.489849 0.871807
4.27544 -0.423179 0.906046
4.3504 -0.354132 0.935195
4.42537 -0.283096 0.959092
4.50033 -0.21047 0.9776
4.5753 -0.136661 0.990618
4.65026 -0.0620844 0.998071
4.72523 0.0128407 0.999918
4.8002 0.0876937 0.996147
4.87516 0.162054 0.986782
4.95013 0.235504 0.971873
5.02509 0.307631 0.951506
5.10006 0.378031 0.925793
5.17502 0.446306 0.89488
5.24999 0.512075 0.858941
5.32495 0.574967 0.818176
5.39992 0.63463 0.772816
5.47488 0.690728 0.723115
5.54985 0.742946 0.669352
5.62481 0.79099 0.611829
5.69978 0.834592 0.550869
5.77475 0.873505 0.486815
5.84971 0.907512 0.420026
5.92468 0.936421 0.350878
5.99964 0.96007 0.279759
6.07461 0.978326 0.207069
6.14957 0.991087 0.133215
6.22454 0.998281 0.0586135
6.2995 0.999867 -0.0163176
6.37447 0.995837 -0.091157
6.44943 0.986212 -0.165484
6.5244 0.971049 -0.238882
6.59937 0.95043 -0.310938
6.67433 0.924473 -0.381248
6.7493 0.893323 -0.449415
6.82426 0.857155 -0.515059
6.89923 0.816172 -0.577809
6.97419 0.770605 -0.637314
7.04916 0.720709 -0.693238
7.12412 0.666764 -0.745269
7.19909 0.609074 -0.793113
7.27405 0.547963 -0.836502
7.34902 0.483774 -0.875193
7.42398 0.416868 -0.908967
7.49895 0.34762 -0.937636
7.57392 0.276419 -0.961037
7.64888 0.203666 -0.979041
7.72385 0.129768 -0.991544
7.79881 0.0551418 -0.998479
7.87378 -0.0197943 -0.999804
7.94874 -0.0946193 -0.995514
8.02371 -0.168913 -0.985631
8.09867 -0.242257 -0.970212
8.17364 -0.314241 -0.949343
8.2486 -0.38446 -0.923142
8.32357 -0.452519 -0.891755
8.39854 -0.518036 -0.855359
8.4735 -0.580644 -0.814158
8.54847 -0.639989 -0.768384
8.62343 -0.69574 -0.718294
8.6984 -0.747583 -0.664169
8.77336 -0.795226 -0.606313
8.84833 -0.838403 -0.545051
8.92329 -0.87687 -0.480728
8.99826 -0.910411 -0.413705
9.07322 -0.938839 -0.344357
9.14819 -0.961993 -0.273076
9.22315 -0.979743 -0.20026
9.29812 -0.99199 -0.12632
9.37309 -0.998664 -0.0516694
9.44805 -0.999729 0.0232708
9.52302 -0.995178 0.0980804
9.59798 -0.985038 0.172339
9.67295 -0.969364 0.24563
9.74791 -0.948245 0.31754
9.82288 -0.921799 0.387668
9.89784 -0.890176 0.455617
9.97281 -0.853552 0.521007
10.0478 -0.812134 0.583471
10.1227 -0.766154 0.642657
10.1977 -0.71587 0.698234
10.2727 -0.661565 0.749888
10.3476 -0.603544 0.79733
10.4226 -0.542133 0.840293
10.4976 -0.477676 0.878536
10.5725 -0.410536 0.911844
10.6475 -0.341091 0.94003
10.7225 -0.269729 0.962936
10.7974 -0.196852 0.980433
10.8724 -0.122869 0.992423
10.9474 -0.0481965 0.998838
11.0223 0.026747 0.999642
11.0973 0.10154 0.994831
11.1723 0.175763 0.984432
11.2472 0.248999 0.968504
11.3222 0.320836 0.947135
11.3972 0.390871 0.920446
11.4721 0.45871 0.888586
11.5471 0.523972 0.851735
11.622 0.586292 0.8101
11.697 0.645318 0.763914
11.772 0.700719 0.713438
11.8469 0.752184 0.658953
11.9219 0.799424 0.600768
11.9969 0.842173 0.539207
12.0718 0.880192 0.474618
12.1468 0.913266 0.407363
12.2218 0.941211 0.33782
12.2967 0.963868 0.266379
12.3717 0.981112 0.193442
12.4467 0.992844 0.119418
12.5216 0.998999 0.044723
12.5966 0.999543 -0.0302229
12.6716 0.994472 -0.104999
12.7465 0.983815 -0.179185
12.8215 0.967632 -0.252365
12.8965 0.946013 -0.324127
12.9714 0.919081 -0.394069
13.0464 0.886986 -0.461797
13.1214 0.849908 -0.526931
13.1963 0.808056 -0.589105
13.2713 0.761666 -0.64797
13.3463 0.710997 -0.703195
13.4212 0.656334 -0.754471
13.4962 0.597984 -0.801508
13.5711 0.536276 -0.844043
13.6461 0.471555 -0.881837
13.7211 0.404185 -0.914677
13.796 0.334545 -0.94238
13.871 0.263026 -0.964789
13.946 0.190029 -0.981779
14.0209 0.115964 -0.993253
14.0959 0.0412489 -0.999149
14.1709 -0.0336984 -0.999432
14.2458 -0.108456 -0.994101
14.3208 -0.182605 -0.983186
14.3958 -0.255728 -0.966749
14.4707 -0.327415 -0.944881
14.5457 -0.397262 -0.917705
14.6207 -0.464878 -0.885375
14.6956 -0.529883 -0.848071
14.7706 -0.591911 -0.806003
14.8456 -0.650615 -0.759408
14.9205 -0.705663 -0.708547
14.9955 -0.756748 -0.653706
15.0705 -0.803582 -0.595194
15.1454 -0.845903 -0.533338
15.2204 -0.883471 -0.468486
15.2954 -0.916077 -0.401002
15.3703 -0.943537 -0.331266
15.4453 -0.965698 -0.259669
15.5202 -0.982433 -0.186614
15.5952 -0.993651 -0.11251
15.6702 -0.999286 -0.0377743
15.7451 -0.999309 0.0371736
15.8201 -0.993718 0.111913
15.8951 -0.982545 0.186023
15.97 -0.965854 0.259089
16.045 -0.943736 0.330699
16.12 -0.916318 0.400451
16.1949 -0.883753 0.467954
16.2699 -0.846223 0.532829
16.3449 -0.80394 0.59471
16.4198 -0.757141 0.653251
16.4948 -0.706089 0.708123
16.5698 -0.651071 0.759017
16.6447 -0.592396 0.805647
16.7197 -0.530393 0.847752
16.7947 -0.465411 0.885095
16.8696 -0.397814 0.917466
16.9446 -0.327983 0.944684
17.0196 -0.25631 0.966595
17.0945 -0.183196 0.983076
17.1695 -0.109054 0.994036
17.2445 -0.0342993 0.999412
17.3194 0.0406482 0.999174
17.3944 0.115367 0.993323
17.4693 0.189438 0.981893
17.5443 0.262445 0.964947
17.6193 0.333978 0.942581
17.6942 0.403635 0.91492
17.7692 0.471025 0.88212
17.8442 0.535768 0.844365
17.9191 0.597502 0.801867
17.9941 0.65588 0.754865
18.0691 0.710574 0.703623
18.144 0.761276 0.648428
18.219 0.807702 0.589591
18.294 0.849591 0.527442
18.3689 0.886708 0.46233
18.4439 0.918844 0.394621
18.5189 0.945818 0.324696
18.5938 0.96748 0.252947
18.6688 0.983707 0.179777
18.7438 0.994409 0.105597
18.8187 0.999525 0.0308238
18.8937 0.999026 -0.0441224
18.9687 0.992916 -0.118821
19.0436 0.981228 -0.192852
19.1186 0.964028 -0.265799
19.1936 0.941414 -0.337254
19.2685 0.913511 -0.406814
19.3435 0.880477 -0.474089
19.4185 0.842497 -0.538701
19.4934 0.799785 -0.600287
19.5684 0.75258 -0.658501
19.6433 0.701147 -0.713016
19.7183 0.645777 -0.763526
19.7933 0.586778 -0.809747
19.8682 0.524484 -0.85142
19.9432 0.459244 -0.88831
20.0182 0.391424 -0.92021
20.0931 0.321405 -0.946942
20.1681 0.249581 -0.968354
20.2431 0.176355 -0.984327
20.318 0.102138 -0.99477
20.393 0.027348 -0.999626
20.468 -0.047596 -0.998867
20.5429 -0.122273 -0.992497
20.6179 -0.196263 -0.980551
20.6929 -0.26915 -0.963098
20.7678 -0.340525 -0.940235
20.8428 -0.409988 -0.912091
20.9178 -0.477148 -0.878823
20.9927 -0.541627 -0.840619
21.0677 -0.603065 -0.797692
21.1427 -0.661114 -0.750285
21.2176 -0.71545 -0.698664
21.2926 -0.765767 -0.643118
21.3676 -0.811783 -0.583959
21.4425 -0.853239 -0.52152
21.5175 -0.889902 -0.456152
21.5924 -0.921566 -0.388222
21.6674 -0.948054 -0.31811
21.7424 -0.969216 -0.246212
21.8173 -0.984934 -0.172931
21.8923 -0.995119 -0.0986786
21.9673 -0.999715 -0.0238718
22.0422 -0.998695 0.0510691
22.1172 -0.992065 0.125723
22.1922 -0.979863 0.199671
22.2671 -0.962157 0.272497
22.3421 -0.939046 0.343793
22.4171 -0.91066 0.413157
22.492 -0.877159 0.480201
22.567 -0.83873 0.544547
22.642 -0.795591 0.605835
22.7169 -0.747982 0.663719
22.7919 -0.696172 0.717875
22.8669 -0.640451 0.767999
22.9418 -0.581133 0.813809
23.0168 -0.51855 0.855047
23.0918 -0.453055 0.891483
23.1667 -0.385015 0.92291
23.2417 -0.314812 0.949154
23.3167 -0.242841 0.970066
23.3916 -0.169505 0.985529
23.4666 -0.0952177 0.995456
23.5415 -0.0203954 0.999792
23.6165 0.0545415 0.998512
23.6915 0.129172 0.991622
23.7664 0.203077 0.979163
23.8414 0.275841 0.961203
23.9164 0.347056 0.937844
23.9913 0.416321 0.909218
24.0663 0.483248 0.875483
24.1413 0.54746 0.836832
24.2162 0.608598 0.793479
24.2912 0.666316 0.745669
24.3662 0.720292 0.693671
24.4411 0.770221 0.637777
24.5161 0.815825 0.5783
24.5911 0.856845 0.515574
24.666 0.893053 0.449952
24.741 0.924244 0.381803
24.816 0.950243 0.31151
24.8909 0.970905 0.239466
24.9659 0.986113 0.166077
25.0409 0.995782 0.0917557
25.1158 0.999857 0.0169187
25.1908 0.998316 -0.0580133
25.2658 0.991167 -0.132619
25.3407 0.978451 -0.206481
25.4157 0.960238 -0.279182
25.4906 0.936632 -0.350315
25.5656 0.907764 -0.41948
25.6406 0.873798 -0.48629
25.7155 0.834923 -0.550367
25.7905 0.791358 -0.611353
25.8655 0.743348 -0.668905
25.9404 0.691162 -0.722699
26.0154 0.635095 -0.772434
26.0904 0.575459 -0.817831
26.1653 0.512591 -0.858633
26.2403 0.446844 -0.894612
26.3153 0.378587 -0.925566
26.3902 0.308203 -0.951321
26.4652 0.236088 -0.971732
26.5402 0.162647 -0.986684
26.6151 0.0882925 -0.996095
26.6901 0.0134418 -0.99991
26.7651 -0.0614844 -0.998108
26.84 -0.136065 -0.9907
26.915 -0.209882 -0.977727
26.99 -0.282519 -0.959262
27.0649 -0.35357 -0.935408
27.1399 -0.422635 -0.9063
27.2149 -0.489325 -0.872101
27.2898 -0.553267 -0.833004
27.3648 -0.614101 -0.789227
27.4397 -0.671486 -0.741018
27.5147 -0.725098 -0.688645
27.5897 -0.774638 -0.632405
27.6646 -0.819827 -0.572612
27.7396 -0.86041 -0.509603
27.8146 -0.89616 -0.443731
27.8895 -0.926877 -0.375366
27.9645 -0.952386 -0.304893
28.0395 -0.972547 -0.232708
28.1144 -0.987244 -0.159215
28.1894 -0.996396 -0.0848282
28.2644 -0.99995 -0.00996474
28.3393 -0.997888 0.0649547
28.4143 -0.990221 0.139509
28.4893 -0.976991 0.21328
28.5642 -0.958273 0.285853
28.6392 -0.934173 0.356821
28.7142 -0.904825 0.425783
28.7891 -0.870395 0.492355
28.8641 -0.831075 0.55616
28.9391 -0.787087 0.616842
29.014 -0.738678 0.674058
29.089 -0.68612 0.727489
29.164 -0.629707 0.776833
29.2389 -0.569758 0.821813
29.3139 -0.506608 0.862177
29.3889 -0.440612 0.897698
29.4638 -0.372141 0.928176
29.5388 -0.30158 0.953441
29.6137 -0.229325 0.97335
29.6887 -0.155781 0.987792
29.7637 -0.081363 0.996685
29.8386 -0.00648757 0.999979
29.9136 0.0684243 0.997656
29.9886 0.142952 0.98973
30.0635 0.216676 0.976244
30.1385 0.289184 0.957274
30.2135 0.360067 0.932927
30.2884 0.428927 0.903339
30.3634 0.495378 0.868677
30.4384 0.559047 0.829136
30.5133 0.619575 0.784938
30.5883 0.676623 0.73633
30.6633 0.72987 0.683586
30.7382 0.779018 0.627002
30.8132 0.823789 0.566897
30.8882 0.863933 0.503606
30.9631 0.899224 0.437488
31.0381 0.929465 0.368911
31.1131 0.954484 0.298263
31.188 0.974142 0.225939
31.263 0.988327 0.152346
31.338 0.996961 0.0778967
31.4129 0.999995 0.0030103
31.4879 0.997412 -0.071893
31.5628 0.989227 -0.146393
31.6378 0.975484 -0.22007
31.7128 0.956262 -0.292511
31.7877 0.931669 -0.363309
31.8627 0.901842 -0.432066
31.9377 0.86695 -0.498396
32.0126 0.827187 -0.561927
32.0876 0.782778 -0.622301
32.1626 0.733972 -0.679179
32.2375 0.681044 -0.732243
32.3125 0.62429 -0.781193
32.3875 0.564029 -0.825755
32.4624 0.500599 -0.865679
32.5374 0.434358 -0.90074
32.6124 0.365677 -0.930742
32.6873 0.294942 -0.955515
32.7623 0.22255 -0.974921
32.8373 0.148908 -0.988851
32.9122 0.0744295 -0.997226
32.9872 -0.000466978 -1
33.0622 -0.0753609 -0.997156
33.1371 -0.149831 -0.988712
33.2121 -0.22346 -0.974713
33.2871 -0.295834 -0.955239
33.362 -0.366546 -0.9304
33.437 -0.435199 -0.900334
33.5119 -0.501408 -0.865211
33.5869 -0.5648 -0.825228
33.6619 -0.625019 -0.78061
33.7368 -0.681727 -0.731606
33.8118 -0.734606 -0.678493
33.8868 -0.783359 -0.621569
33.9617 -0.827712 -0.561154
34.0367 -0.867415 -0.497586
34.1117 -0.902245 -0.431223
34.1866 -0.932008 -0.362438
34.2616 -0.956535 -0.291617
34.3366 -0.975689 -0.219159
34.4115 -0.989363 -0.145469
34.4865 -0.997479 -0.0709614
34.5615 -0.999992 0.00394426
34.6364 -0.996888 0.0788278
34.7114 -0.988185 0.153269
34.7864 -0.97393 0.226848
34.8613 -0.954205 0.299154
34.9363 -0.92912 0.369779
35.0113 -0.898815 0.438327
35.0862 -0.863462 0.504413
35.1612 -0.823259 0.567666
35.2362 -0.778432 0.627729
35.3111 -0.729231 0.684267
35.3861 -0.675935 0.736961
35.461 -0.618842 0.785516
35.536 -0.558272 0.829658
35.611 -0.494567 0.86914
35.6859 -0.428083 0.903739
35.7609 -0.359195 0.933262
35.8359 -0.28829 0.957543
35.9108 -0.215764 0.976445
35.9858 -0.142027 0.989863
36.0608 -0.0674925 0.99772
36.1357 0.0074215 0.999972
36.2107 0.0822938 0.996608
36.2857 0.156704 0.987646
36.3606 0.230234 0.973135
36.4356 0.30247 0.953159
36.5106 0.373008 0.927828
36.5855 0.44145 0.897286
36.6605 0.507413 0.861703
36.7355 0.570525 0.82128
36.8104 0.630433 0.776244
36.8854 0.686799 0.726848
36.9604 0.739307 0.673368
37.0353 0.787663 0.616106
37.1103 0.831594 0.555384
37.1853 0.870854 0.491542
37.2602 0.905222 0.424938
37.3352 0.934506 0.355948
37.4101 0.95854 0.284958
37.4851 0.97719 0.212368
37.5601 0.990351 0.138584
37.635 0.997948 0.0640227
37.71 0.999941 -0.0108987
37.785 0.996316 -0.0857588
37.8599 0.987095 -0.160137
37.9349 0.972329 -0.233616
38.0099 0.952101 -0.305783
38.0848 0.926526 -0.376232
38.1598 0.895745 -0.444567
38.2348 0.859934 -0.510406
38.3097 0.819291 -0.573377
38.3847 0.774047 -0.633128
38.4597 0.724455 -0.689322
38.5346 0.670793 -0.741644
38.6096 0.613364 -0.789801
38.6846 0.552489 -0.83352
38.7595 0.48851 -0.872558
38.8345 0.421788 -0.906695
38.9095 0.352696 -0.935738
38.9844 0.281623 -0.959525
39.0594 0.208969 -0.977922
39.1344 0.13514 -0.990827
39.2093 0.0605522 -0.998165
39.2843 -0.0143757 -0.999897
39.3592 -0.0892228 -0.996012
39.4342 -0.163569 -0.986532
39.5092 -0.236996 -0.971511
39.5841 -0.309092 -0.951032
39.6591 -0.379451 -0.925212
39.7341 -0.44768 -0.894194
39.809 -0.513393 -0.858154
39.884 -0.576223 -0.817293
39.959 -0.635816 -0.771841
40.0339 -0.691837 -0.722054
40.1089 -0.743972 -0.66821
40.1839 -0.791929 -0.610614
40.2588 -0.835436 -0.549587
40.3338 -0.874252 -0.485473
40.4088 -0.908156 -0.418632
40.4837 -0.936959 -0.34944
40.5587 -0.960499 -0.278285
40.6337 -0.978643 -0.205567
40.7086 -0.99129 -0.131694
40.7836 -0.99837 -0.0570809
40.8586 -0.999841 0.0178525
40.9335 -0.995695 0.0926857
41.0085 -0.985957 0.166998
41.0835 -0.970681 0.240373
41.1584 -0.949952 0.312397
41.2334 -0.923887 0.382666
41.3084 -0.892632 0.450786
41.3833 -0.856363 0.516374
41.4583 -0.815284 0.579061
41.5332 -0.769625 0.638496
41.6082 -0.719644 0.694344
41.6832 -0.665619 0.746291
41.7581 -0.607856 0.794047
41.8331 -0.546679 0.837343
41.9081 -0.48243 0.875934
41.983 -0.415472 0.909606
42.058 -0.34618 0.938168
42.133 -0.274943 0.96146
42.2079 -0.202162 0.979352
42.2829 -0.128246 0.991742
42.3579 -0.0536089 0.998562
42.4328 0.0213292 0.999773
42.5078 0.0961474 0.995367
42.5828 0.170426 0.985371
42.6577 0.243747 0.969839
42.7327 0.315698 0.94886
42.8077 0.385877 0.92255
42.8826 0.453887 0.891059
42.9576 0.519349 0.854562
43.0326 0.581893 0.813266
43.1075 0.641168 0.7674
43.1825 0.696842 0.717225
43.2575 0.748602 0.66302
43.3324 0.796156 0.605091
43.4074 0.839238 0.543764
43.4823 0.877607 0.479381
43.5573 0.911045 0.412307
43.6323 0.939366 0.342916
43.7072 0.962411 0.271598
43.7822 0.980049 0.198756
43.8572 0.992182 0.124797
43.9321 0.998742 0.0501363
44.0071 0.999692 -0.0248056
44.0821 0.995027 -0.0996081
44.157 0.984772 -0.173851
44.232 0.968986 -0.247117
44.307 0.947756 -0.318996
44.3819 0.921203 -0.389082
44.4569 0.889475 -0.456983
44.5319 0.852751 -0.522317
44.6068 0.811237 -0.584717
44.6818 0.765166 -0.643833
44.7568 0.714797 -0.699332
44.8317 0.660413 -0.750903
44.9067 0.602319 -0.798255
44.9817 0.540842 -0.841124
45.0566 0.476327 -0.879268
45.1316 0.409136 -0.912473
45.2066 0.339647 -0.940553
45.2815 0.26825 -0.963349
45.3565 0.195347 -0.980734
45.4314 0.121346 -0.99261
45.5064 0.0466631 -0.998911
45.5814 -0.0282816 -0.9996
45.6563 -0.103067 -0.994674
45.7313 -0.177274 -0.984161
45.8063 -0.250485 -0.96812
45.8812 -0.32229 -0.946641
45.9562 -0.392283 -0.919844
46.0312 -0.460073 -0.887881
46.1061 -0.525279 -0.85093
46.1811 -0.587535 -0.809199
46.2561 -0.64649 -0.762923
46.331 -0.701813 -0.712361
46.406 -0.753194 -0.657798
46.481 -0.800345 -0.59954
46.5559 -0.843 -0.537914
46.6309 -0.880919 -0.473267
46.7059 -0.913891 -0.405961
46.7808 -0.941728 -0.336374
46.8558 -0.964276 -0.264899
46.9308 -0.981408 -0.191935
47.0057 -0.993026 -0.117893
47.0807 -0.999067 -0.0431893
47.1557 -0.999496 0.0317574
47.2306 -0.99431 0.106526
47.3056 -0.983539 0.180695
47.3805 -0.967244 0.25385
47.4555 -0.945515 0.325579
47.5305 -0.918475 0.395479
47.6054 -0.886276 0.463158
47.6804 -0.849098 0.528235
47.7554 -0.807151 0.590345
47.8303 -0.76067 0.649139
47.9053 -0.709916 0.704286
47.9803 -0.655175 0.755477
48.0552 -0.596753 0.802425
48.1302 -0.534979 0.844865
48.2052 -0.4702 0.88256
48.2801 -0.40278 0.915297
48.3551 -0.333098 0.942892
48.4301 -0.261544 0.965192
48.505 -0.188521 0.982069
48.58 -0.11444 0.99343
48.655 -0.0397149 0.999211
48.7299 0.0352327 0.999379
48.8049 0.109982 0.993934
48.8799 0.184114 0.982905
48.9548 0.257212 0.966355
49.0298 0.328865 0.944377
49.1048 0.398671 0.917094
49.1797 0.466237 0.88466
49.2547 0.531184 0.847256
49.3296 0.593148 0.805093
49.4046 0.65178 0.758408
49.4796 0.70675 0.707463
49.5545 0.757751 0.652544
49.6295 0.804495 0.593959
49.7045 0.84672 0.532038
49.7794 0.884189 0.467129
49.8544 0.916692 0.399595
49.9294 0.944045 0.329817
50.0043 0.966095 0.258186
50.0793 0.982719 0.185105
50.1543 0.993822 0.110984
50.2292 0.999343 0.0362401
50.3042 0.999251 -0.0387077
50.3792 0.993545 -0.113438
50.4541 0.982259 -0.187531
50.5291 0.965455 -0.260571
50.6041 0.943228 -0.332147
50.679 0.915702 -0.401857
50.754 0.883033 -0.469311
50.829 0.845404 -0.534127
50.9039 0.803026 -0.595944
50.9789 0.756137 -0.654413
51.0539 0.705001 -0.709206
51.1288 0.649905 -0.760015
51.2038 0.591158 -0.806556
51.2788 0.529091 -0.848565
51.3537 0.464051 -0.885808
51.4287 0.396405 -0.918076
51.5036 0.326532 -0.945186
51.5786 0.254825 -0.966987
51.6536 0.181687 -0.983356
51.7285 0.107528 -0.994202
51.8035 0.0327649 -0.999463
51.8785 -0.0421821 -0.99911
51.9534 -0.116892 -0.993145
52.0284 -0.190946 -0.981601
52.1034 -0.263927 -0.964543
52.1783 -0.335425 -0.942067
52.2533 -0.405039 -0.914299
52.3283 -0.472378 -0.881396
52.4032 -0.537064 -0.843542
52.4782 -0.598733 -0.800949
52.5532 -0.657038 -0.753857
52.6281 -0.711653 -0.702531
52.7031 -0.762271 -0.647258
52.7781 -0.808606 -0.58835
52.853 -0.8504 -0.526137
52.928 -0.887417 -0.460968
53.003 -0.919449 -0.39321
53.0779 -0.946316 -0.323244
53.1529 -0.967867 -0.251461
53.2279 -0.983982 -0.178266
53.3028 -0.99457 -0.10407
53.3778 -0.999571 -0.0292893
53.4527 -0.998957 0.045656
53.5277 -0.992732 0.120345
53.6027 -0.980931 0.194358
53.6776 -0.963619 0.267279
53.7526 -0.940895 0.338699
53.8276 -0.912885 0.408216
53.9025 -0.879748 0.47544
53.9775 -0.841669 0.539994
54.0525 -0.798862 0.601514
54.1274 -0.751568 0.659656
54.2024 -0.700052 0.714092
54.2774 -0.644604 0.764517
54.3523 -0.585535 0.810647
54.4273 -0.523177 0.852224
54.5023 -0.45788 0.889014
54.5772 -0.390011 0.92081
54.6522 -0.319951 0.947434
54.7272 -0.248094 0.968736
54.8021 -0.174844 0.984596
54.8771 -0.100611 0.994926
54.9521 -0.0258133 0.999667
55.027 0.0491294 0.998792
55.102 0.123796 0.992308
55.177 0.197768 0.980249
55.2519 0.270628 0.962684
55.3269 0.341968 0.939711
55.4018 0.411388 0.91146
55.4768 0.478497 0.878089
55.5518 0.542917 0.839786
55.6267 0.604288 0.796766
55.7017 0.662265 0.74927
55.7767 0.716522 0.697565
55.8516 0.766754 0.641941
55.9266 0.812679 0.582712
56.0016 0.854038 0.52021
56.0765 0.890601 0.454785
56.1515 0.922161 0.386806
56.2265 0.948541 0.316655
56.3014 0.969593 0.244724
56.3764 0.985198 0.171419
56.4514 0.99527 0.0971508
56.5263 0.999751 0.022337
56.6013 0.998616 -0.0526022
56.6763 0.991871 -0.127246
56.7512 0.979555 -0.201175
56.8262 0.961737 -0.273974
56.9012 0.938517 -0.345234
56.9761 0.910024 -0.414555
57.0511 0.87642 -0.481547
57.1261 0.837893 -0.545834
57.201 0.79466 -0.607055
57.276 0.746962 -0.664867
57.3509 0.695069 -0.718943
57.4259 0.639271 -0.768981
57.5009 0.579883 -0.8147
57.5758 0.517237 -0.855842
57.6508 0.451686 -0.892177
57.7258 0.383597 -0.9235
57.8007 0.313354 -0.949636
57.8757 0.241351 -0.970438
57.9507 0.167992 -0.985788
58.0256 0.0936894 -0.995601
58.1006 0.0188605 -0.999822
58.1756 -0.0560744 -0.998427
58.2505 -0.130694 -0.991423
58.3255 -0.20458 -0.97885
58.4005 -0.277317 -0.960779
58.4754 -0.348495 -0.93731
58.5504 -0.417717 -0.908577
58.6254 -0.484592 -0.874741
58.7003 -0.548745 -0.83599
58.7753 -0.609815 -0.792544
58.8503 -0.66746 -0.744646
58.9252 -0.721356 -0.692565
59.0002 -0.7712 -0.636593
59.0752 -0.816711 -0.577046
59.1501 -0.857636 -0.514258
59.2251 -0.893742 -0.448581
59.3 -0.924829 -0.380384
59.375 -0.95072 -0.31005
59.45 -0.971271 -0.237975
59.5249 -0.986367 -0.164563
59.5999 -0.995921 -0.0902268
59.6749 -0.999882 -0.0153837
59.7498 -0.998226 0.0595459
59.8248 -0.990962 0.134141
59.8998 -0.978133 0.207983
59.9747 -0.959808 0.280656
60.0497 -0.936093 0.351753
60.1247 -0.907119 0.420874
60.1996 -0.87305 0.48763
60.2746 -0.834077 0.551648
60.3496 -0.790419 0.612567
60.4245 -0.74232 0.670045
60.4995 -0.690052 0.72376
60.5745 -0.633908 0.773409
60.6494 -0.574203 0.818713
60.7244 -0.511273 0.859419
60.7994 -0.44547 0.895297
60.8743 -0.377166 0.926146
60.9493 -0.306742 0.951793
61.0243 -0.234596 0.972093
61.0992 -0.161132 0.986933
61.1742 -0.0867632 0.996229
61.2491 -0.0119067 0.999929
61.3241 0.0630167 0.998012
61.3991 0.137586 0.99049
61.474 0.211383 0.977403
61.549 0.283992 0.958827
61.624 0.355006 0.934864
61.6989 0.424025 0.90565
61.7739 0.490663 0.871349
61.8489 0.554545 0.832154
61.9238 0.615312 0.788284
61.9988 0.672623 0.739986
62.0738 0.726155 0.687531
62.1487 0.775608 0.631215
62.2237 0.820705 0.571353
62.2987 0.861191 0.508281
62.3736 0.89684 0.442354
62.4486 0.927452 0.373943
62.5236 0.952853 0.303431
62.5985 0.972903 0.231215
62.6735 0.987487 0.157699
62.7485 0.996525 0.0832984
62.8234 0.999964 0.00842957
62.8319 1 -6.60573e-10
