# x J0_contour J0_ref J1_contour J1_ref J2_contour J2_ref
0 1 1 3.53395e-17 0 8.83487e-18 0
0.06 0.9991 0.9991 0.0299865 0.0299865 0.000449865 0.000449865
0.12 0.996403 0.996403 0.0598921 0.0598921 0.00179784 0.00179784
0.18 0.991916 0.991916 0.089636 0.089636 0.00403908 0.00403908
0.24 0.985652 0.985652 0.119138 0.119138 0.0071655 0.0071655
0.3 0.977626 0.977626 0.148319 0.148319 0.0111659 0.0111659
0.36 0.967861 0.967861 0.1771 0.1771 0.0160257 0.0160257
0.42 0.956384 0.956384 0.205403 0.205403 0.0217276 0.0217276
0.48 0.943224 0.943224 0.233154 0.233154 0.028251 0.028251
0.54 0.928418 0.928418 0.260277 0.260277 0.0355723 0.0355723
0.6 0.912005 0.912005 0.286701 0.286701 0.0436651 0.0436651
0.66 0.894029 0.894029 0.312355 0.312355 0.0525002 0.0525002
0.72 0.874539 0.874539 0.33717 0.33717 0.0620456 0.0620456
0.78 0.853587 0.853587 0.361083 0.361083 0.0722668 0.0722668
0.84 0.831228 0.831228 0.384029 0.384029 0.0831269 0.0831269
0.9 0.807524 0.807524 0.40595 0.40595 0.0945863 0.0945863
0.96 0.782536 0.782536 0.426787 0.426787 0.106604 0.106604
1.02 0.756332 0.756332 0.446488 0.446488 0.119135 0.119135
1.08 0.728981 0.728981 0.465003 0.465003 0.132135 0.132135
1.14 0.700556 0.700556 0.482284 0.482284 0.145556 0.145556
1.2 0.671133 0.671133 0.498289 0.498289 0.159349 0.159349
1.26 0.640788 0.640788 0.512979 0.512979 0.173464 0.173464
1.32 0.609602 0.609602 0.526317 0.526317 0.187848 0.187848
1.38 0.577658 0.577658 0.538274 0.538274 0.20245 0.20245
1.44 0.545038 0.545038 0.548821 0.548821 0.217214 0.217214
1.5 0.511828 0.511828 0.557937 0.557937 0.232088 0.232088
1.56 0.478114 0.478114 0.5656 0.5656 0.247014 0.247014
1.62 0.443985 0.443985 0.571798 0.571798 0.261939 0.261939
1.68 0.409528 0.409528 0.57652 0.57652 0.276806 0.276806
1.74 0.374832 0.374832 0.57976 0.57976 0.291559 0.291559
1.8 0.339986 0.339986 0.581517 0.581517 0.306144 0.306144
1.86 0.30508 0.30508 0.581793 0.581793 0.320504 0.320504
1.92 0.270201 0.270201 0.580595 0.580595 0.334585 0.334585
1.98 0.235438 0.235438 0.577934 0.577934 0.348334 0.348334
2.04 0.200878 0.200878 0.573827 0.573827 0.361698 0.361698
2.1 0.166607 0.166607 0.568292 0.568292 0.374624 0.374624
2.16 0.132711 0.132711 0.561354 0.561354 0.387062 0.387062
2.22 0.099272 0.099272 0.553041 0.553041 0.398963 0.398963
2.28 0.0663726 0.0663726 0.543384 0.543384 0.41028 0.41028
2.34 0.0340921 0.0340921 0.532419 0.532419 0.420967 0.420967
2.4 0.00250768 0.00250768 0.520185 0.520185 0.43098 0.43098
2.46 -0.0283057 -0.0283057 0.506726 0.506726 0.440278 0.440278
2.52 -0.0582758 -0.0582758 0.492086 0.492086 0.44882 0.44882
2.58 -0.0873334 -0.0873334 0.476317 0.476317 0.456571 0.456571
2.64 -0.115412 -0.115412 0.45947 0.45947 0.463496 0.463496
2.7 -0.142449 -0.142449 0.441601 0.441601 0.469562 0.469562
2.76 -0.168385 -0.168385 0.422769 0.422769 0.47474 0.47474
2.82 -0.193164 -0.193164 0.403035 0.403035 0.479004 0.479004
2.88 -0.216733 -0.216733 0.382461 0.382461 0.48233 0.48233
2.94 -0.239043 -0.239043 0.361113 0.361113 0.484699 0.484699
3 -0.260052 -0.260052 0.339059 0.339059 0.486091 0.486091
3.06 -0.279718 -0.279718 0.316368 0.316368 0.486494 0.486494
3.12 -0.298005 -0.298005 0.29311 0.29311 0.485896 0.485896
3.18 -0.314881 -0.314881 0.269358 0.269358 0.484289 0.484289
3.24 -0.330319 -0.330319 0.245184 0.245184 0.481668 0.481668
3.3 -0.344296 -0.344296 0.220663 0.220663 0.478032 0.478032
3.36 -0.356793 -0.356793 0.19587 0.19587 0.473383 0.473383
3.42 -0.367797 -0.367797 0.170878 0.170878 0.467725 0.467725
3.48 -0.377296 -0.377296 0.145763 0.145763 0.461068 0.461068
3.54 -0.385287 -0.385287 0.120601 0.120601 0.453423 0.453423
3.6 -0.391769 -0.391769 0.0954655 0.0954655 0.444805 0.444805
3.66 -0.396745 -0.396745 0.0704312 0.0704312 0.435232 0.435232
3.72 -0.400224 -0.400224 0.0455712 0.0455712 0.424725 0.424725
3.78 -0.402219 -0.402219 0.0209582 0.0209582 0.413308 0.413308
3.84 -0.402746 -0.402746 -0.00333685 -0.00333685 0.401008 0.401008
3.9 -0.401826 -0.401826 -0.027244 -0.027244 0.387855 0.387855
3.96 -0.399485 -0.399485 -0.0506953 -0.0506953 0.373882 0.373882
4.02 -0.395753 -0.395753 -0.0736243 -0.0736243 0.359124 0.359124
4.08 -0.390662 -0.390662 -0.0959669 -0.0959669 0.34362 0.34362
4.14 -0.38425 -0.38425 -0.117661 -0.117661 0.327409 0.327409
4.2 -0.376557 -0.376557 -0.138647 -0.138647 0.310535 0.310535
4.26 -0.367628 -0.367628 -0.158868 -0.158868 0.293042 0.293042
4.32 -0.357509 -0.357509 -0.178269 -0.178269 0.274977 0.274977
4.38 -0.346253 -0.346253 -0.1968 -0.1968 0.25639 0.25639
4.44 -0.333912 -0.333912 -0.214412 -0.214412 0.237329 0.237329
4.5 -0.320543 -0.320543 -0.23106 -0.23106 0.217849 0.217849
4.56 -0.306204 -0.306204 -0.246703 -0.246703 0.198002 0.198002
4.62 -0.290959 -0.290959 -0.261301 -0.261301 0.177842 0.177842
4.68 -0.27487 -0.27487 -0.27482 -0.27482 0.157426 0.157426
4.74 -0.258003 -0.258003 -0.287229 -0.287229 0.136809 0.136809
4.8 -0.240425 -0.240425 -0.2985 -0.2985 0.11605 0.11605
4.86 -0.222206 -0.222206 -0.30861 -0.30861 0.0952062 0.0952062
4.92 -0.203416 -0.203416 -0.317539 -0.317539 0.074335 0.074335
4.98 -0.184125 -0.184125 -0.32527 -0.32527 0.0534949 0.0534949
5.04 -0.164408 -0.164408 -0.331792 -0.331792 0.0327439 0.0327439
5.1 -0.144335 -0.144335 -0.337097 -0.337097 0.0121398 0.0121398
5.16 -0.12398 -0.12398 -0.34118 -0.34118 -0.00826006 -0.00826006
5.22 -0.103418 -0.103418 -0.344041 -0.344041 -0.0283989 -0.0283989
5.28 -0.0827198 -0.0827198 -0.345683 -0.345683 -0.0482208 -0.0482208
5.34 -0.0619598 -0.0619598 -0.346114 -0.346114 -0.0676709 -0.0676709
5.4 -0.0412101 -0.0412101 -0.345345 -0.345345 -0.0866954 -0.0866954
5.46 -0.0205422 -0.0205422 -0.34339 -0.34339 -0.105242 -0.105242
5.52 -2.65784e-05 -2.65784e-05 -0.34027 -0.34027 -0.12326 -0.12326
5.58 0.0202673 0.0202673 -0.336004 -0.336004 -0.140699 -0.140699
5.64 0.0402716 0.0402716 -0.330621 -0.330621 -0.157513 -0.157513
5.7 0.05992 0.05992 -0.324148 -0.324148 -0.173656 -0.173656
5.76 0.0791482 0.0791482 -0.316618 -0.316618 -0.189085 -0.189085
5.82 0.0978937 0.0978937 -0.308066 -0.308066 -0.203758 -0.203758
5.88 0.116096 0.116096 -0.298532 -0.298532 -0.217638 -0.217638
5.94 0.133699 0.133699 -0.288056 -0.288056 -0.230687 -0.230687
6 0.150645 0.150645 -0.276684 -0.276684 -0.242873 -0.242873
6.06 0.166884 0.166884 -0.264461 -0.264461 -0.254165 -0.254165
6.12 0.182365 0.182365 -0.251438 -0.251438 -0.264534 -0.264534
6.18 0.197041 0.197041 -0.237665 -0.237665 -0.273955 -0.273955
6.24 0.21087 0.21087 -0.223196 -0.223196 -0.282408 -0.282408
6.3 0.223812 0.223812 -0.208087 -0.208087 -0.289871 -0.289871
6.36 0.235829 0.235829 -0.192394 -0.192394 -0.296331 -0.296331
6.42 0.246889 0.246889 -0.176177 -0.176177 -0.301773 -0.301773
6.48 0.256961 0.256961 -0.159495 -0.159495 -0.306188 -0.306188
6.54 0.26602 0.26602 -0.142409 -0.142409 -0.30957 -0.30957
6.6 0.274043 0.274043 -0.12498 -0.12498 -0.311916 -0.311916
6.66 0.281012 0.281012 -0.107272 -0.107272 -0.313226 -0.313226
6.72 0.286912 0.286912 -0.0893469 -0.0893469 -0.313503 -0.313503
6.78 0.291731 0.291731 -0.0712681 -0.0712681 -0.312754 -0.312754
6.84 0.295462 0.295462 -0.0530989 -0.0530989 -0.310988 -0.310988
6.9 0.298102 0.298102 -0.0349021 -0.0349021 -0.308219 -0.308219
6.96 0.299651 0.299651 -0.0167404 -0.0167404 -0.304461 -0.304461
7.02 0.300113 0.300113 0.00132409 0.00132409 -0.299736 -0.299736
7.08 0.299495 0.299495 0.0192302 0.0192302 -0.294063 -0.294063
7.14 0.29781 0.29781 0.0369177 0.0369177 -0.287468 -0.287468
7.2 0.295071 0.295071 0.0543274 0.0543274 -0.27998 -0.27998
7.26 0.291297 0.291297 0.0714017 0.0714017 -0.271627 -0.271627
7.32 0.28651 0.28651 0.0880844 0.0880844 -0.262444 -0.262444
7.38 0.280736 0.280736 0.104321 0.104321 -0.252464 -0.252464
7.44 0.274002 0.274002 0.120059 0.120059 -0.241728 -0.241728
7.5 0.26634 0.26634 0.135248 0.135248 -0.230273 -0.230273
7.56 0.257784 0.257784 0.14984 0.14984 -0.218144 -0.218144
7.62 0.248372 0.248372 0.163789 0.163789 -0.205382 -0.205382
7.68 0.238143 0.238143 0.177052 0.177052 -0.192036 -0.192036
7.74 0.22714 0.22714 0.189587 0.189587 -0.178151 -0.178151
7.8 0.215408 0.215408 0.201357 0.201357 -0.163778 -0.163778
7.86 0.202993 0.202993 0.212327 0.212327 -0.148966 -0.148966
7.92 0.189945 0.189945 0.222464 0.222464 -0.133767 -0.133767
7.98 0.176315 0.176315 0.23174 0.23174 -0.118234 -0.118234
8.04 0.162154 0.162154 0.240129 0.240129 -0.102421 -0.102421
8.1 0.147517 0.147517 0.247608 0.247608 -0.0863797 -0.0863797
8.16 0.13246 0.13246 0.254157 0.254157 -0.0701664 -0.0701664
8.22 0.117038 0.117038 0.259761 0.259761 -0.0538355 -0.0538355
8.28 0.101308 0.101308 0.264406 0.264406 -0.0374416 -0.0374416
8.34 0.0853282 0.0853282 0.268083 0.268083 -0.0210398 -0.0210398
8.4 0.0691573 0.0691573 0.270786 0.270786 -0.00468434 -0.00468434
8.46 0.0528534 0.0528534 0.272513 0.272513 0.0115705 0.0115705
8.52 0.0364752 0.0364752 0.273264 0.273264 0.0276713 0.0276713
8.58 0.0200812 0.0200812 0.273043 0.273043 0.0435653 0.0435653
8.64 0.00372932 0.00372932 0.271858 0.271858 0.0592008 0.0592008
8.7 -0.0125227 -0.0125227 0.269719 0.269719 0.0745271 0.0745271
8.76 -0.0286182 -0.0286182 0.26664 0.26664 0.0894949 0.0894949
8.82 -0.0445011 -0.0445011 0.262638 0.262638 0.104056 0.104056
8.88 -0.0601167 -0.0601167 0.257734 0.257734 0.118165 0.118165
8.94 -0.0754116 -0.0754116 0.25195 0.25195 0.131776 0.131776
9 -0.0903336 -0.0903336 0.245312 0.245312 0.144847 0.144847
9.06 -0.104832 -0.104832 0.237849 0.237849 0.157338 0.157338
9.12 -0.11886 -0.11886 0.229592 0.229592 0.169209 0.169209
9.18 -0.132368 -0.132368 0.220577 0.220577 0.180424 0.180424
9.24 -0.145314 -0.145314 0.210837 0.210837 0.19095 0.19095
9.3 -0.157655 -0.157655 0.200414 0.200414 0.200755 0.200755
9.36 -0.169351 -0.169351 0.189347 0.189347 0.20981 0.20981
9.42 -0.180365 -0.180365 0.177679 0.177679 0.218089 0.218089
9.48 -0.190661 -0.190661 0.165455 0.165455 0.225568 0.225568
9.54 -0.200209 -0.200209 0.152721 0.152721 0.232226 0.232226
9.6 -0.208979 -0.208979 0.139525 0.139525 0.238046 0.238046
9.66 -0.216944 -0.216944 0.125916 0.125916 0.243013 0.243013
9.72 -0.224081 -0.224081 0.111944 0.111944 0.247115 0.247115
9.78 -0.230371 -0.230371 0.0976613 0.0976613 0.250343 0.250343
9.84 -0.235796 -0.235796 0.0831189 0.0831189 0.25269 0.25269
9.9 -0.240341 -0.240341 0.0683698 0.0683698 0.254153 0.254153
9.96 -0.243997 -0.243997 0.053467 0.053467 0.254733 0.254733
10.02 -0.246755 -0.246755 0.0384638 0.0384638 0.254433 0.254433
10.08 -0.248612 -0.248612 0.0234135 0.0234135 0.253257 0.253257
10.14 -0.249565 -0.249565 0.00836939 0.00836939 0.251216 0.251216
10.2 -0.249617 -0.249617 -0.00661574 -0.00661574 0.24832 0.24832
10.26 -0.248773 -0.248773 -0.0214895 -0.0214895 0.244584 0.244584
10.32 -0.247042 -0.247042 -0.0362001 -0.0362001 0.240026 0.240026
10.38 -0.244433 -0.244433 -0.0506967 -0.0506967 0.234665 0.234665
10.44 -0.240963 -0.240963 -0.0649296 -0.0649296 0.228525 0.228525
10.5 -0.236648 -0.236648 -0.07885 -0.07885 0.221629 0.221629
10.56 -0.231508 -0.231508 -0.0924107 -0.0924107 0.214006 0.214006
10.62 -0.225567 -0.225567 -0.105566 -0.105566 0.205686 0.205686
10.68 -0.21885 -0.21885 -0.118272 -0.118272 0.196701 0.196701
10.74 -0.211384 -0.211384 -0.130485 -0.130485 0.187085 0.187085
10.8 -0.203202 -0.203202 -0.142167 -0.142167 0.176875 0.176875
10.86 -0.194336 -0.194336 -0.153277 -0.153277 0.166108 0.166108
10.92 -0.184821 -0.184821 -0.163782 -0.163782 0.154824 0.154824
10.98 -0.174695 -0.174695 -0.173645 -0.173645 0.143065 0.143065
11.04 -0.163997 -0.163997 -0.182837 -0.182837 0.130874 0.130874
11.1 -0.152768 -0.152768 -0.191328 -0.191328 0.118295 0.118295
11.16 -0.141052 -0.141052 -0.199093 -0.199093 0.105372 0.105372
11.22 -0.128892 -0.128892 -0.206106 -0.206106 0.0921531 0.0921531
11.28 -0.116335 -0.116335 -0.212349 -0.212349 0.0786841 0.0786841
11.34 -0.103426 -0.103426 -0.217802 -0.217802 0.0650131 0.0650131
11.4 -0.0902145 -0.0902145 -0.222451 -0.222451 0.0511881 0.0511881
11.46 -0.0767484 -0.0767484 -0.226282 -0.226282 0.0372576 0.0372576
11.52 -0.0630771 -0.0630771 -0.229288 -0.229288 0.0232701 0.0232701
11.58 -0.0492505 -0.0492505 -0.231462 -0.231462 0.00927434 0.00927434
11.64 -0.0353184 -0.0353184 -0.232799 -0.232799 -0.00468141 -0.00468141
11.7 -0.0213313 -0.0213313 -0.2333 -0.2333 -0.0185491 -0.0185491
11.76 -0.00733909 -0.00733909 -0.232967 -0.232967 -0.0322812 -0.0322812
11.82 0.00660823 0.00660823 -0.231806 -0.231806 -0.0458309 -0.0458309
11.88 0.0204612 0.0204612 -0.229824 -0.229824 -0.0591522 -0.0591522
11.94 0.034171 0.034171 -0.227033 -0.227033 -0.0722 -0.0722
12 0.0476893 0.0476893 -0.223447 -0.223447 -0.0849305 -0.0849305
