-5.000000 nan
-4.990000 nan
-4.980000 nan
-4.970000 nan
-4.960000 nan
-4.950000 nan
-4.940000 nan
-4.930000 nan
-4.920000 nan
-4.910000 nan
-4.900000 nan
-4.890000 nan
-4.880000 nan
-4.870000 nan
-4.860000 nan
-4.850000 nan
-4.840000 nan
-4.830000 nan
-4.820000 nan
-4.810000 nan
-4.800000 nan
-4.790000 nan
-4.780000 nan
-4.770000 nan
-4.760000 nan
-4.750000 nan
-4.740000 nan
-4.730000 nan
-4.720000 nan
-4.710000 nan
-4.700000 nan
-4.690000 nan
-4.680000 nan
-4.670000 nan
-4.660000 nan
-4.650000 nan
-4.640000 nan
-4.630000 nan
-4.620000 nan
-4.610000 nan
-4.600000 nan
-4.590000 nan
-4.580000 nan
-4.570000 nan
-4.560000 nan
-4.550000 nan
-4.540000 nan
-4.530000 nan
-4.520000 nan
-4.510000 nan
-4.500000 nan
-4.490000 nan
-4.480000 nan
-4.470000 nan
-4.460000 nan
-4.450000 nan
-4.440000 nan
-4.430000 nan
-4.420000 nan
-4.410000 nan
-4.400000 nan
-4.390000 nan
-4.380000 nan
-4.370000 nan
-4.360000 nan
-4.350000 nan
-4.340000 nan
-4.330000 nan
-4.320000 nan
-4.310000 nan
-4.300000 nan
-4.290000 nan
-4.280000 nan
-4.270000 nan
-4.260000 nan
-4.250000 nan
-4.240000 nan
-4.230000 nan
-4.220000 nan
-4.210000 nan
-4.200000 nan
-4.190000 nan
-4.180000 nan
-4.170000 nan
-4.160000 nan
-4.150000 nan
-4.140000 nan
-4.130000 nan
-4.120000 nan
-4.110000 nan
-4.100000 nan
-4.090000 nan
-4.080000 nan
-4.070000 nan
-4.060000 nan
-4.050000 nan
-4.040000 nan
-4.030000 nan
-4.020000 nan
-4.010000 nan
-4.000000 nan
-3.990000 nan
-3.980000 nan
-3.970000 nan
-3.960000 nan
-3.950000 nan
-3.940000 nan
-3.930000 nan
-3.920000 nan
-3.910000 nan
-3.900000 nan
-3.890000 nan
-3.880000 nan
-3.870000 nan
-3.860000 nan
-3.850000 nan
-3.840000 nan
-3.830000 nan
-3.820000 nan
-3.810000 nan
-3.800000 nan
-3.790000 nan
-3.780000 nan
-3.770000 nan
-3.760000 nan
-3.750000 nan
-3.740000 nan
-3.730000 nan
-3.720000 nan
-3.710000 nan
-3.700000 nan
-3.690000 nan
-3.680000 nan
-3.670000 nan
-3.660000 nan
-3.650000 nan
-3.640000 nan
-3.630000 nan
-3.620000 nan
-3.610000 nan
-3.600000 nan
-3.590000 nan
-3.580000 nan
-3.570000 nan
-3.560000 nan
-3.550000 nan
-3.540000 nan
-3.530000 nan
-3.520000 nan
-3.510000 nan
-3.500000 nan
-3.490000 nan
-3.480000 nan
-3.470000 nan
-3.460000 nan
-3.450000 nan
-3.440000 nan
-3.430000 nan
-3.420000 nan
-3.410000 nan
-3.400000 nan
-3.390000 nan
-3.380000 nan
-3.370000 nan
-3.360000 nan
-3.350000 nan
-3.340000 nan
-3.330000 nan
-3.320000 nan
-3.310000 nan
-3.300000 nan
-3.290000 nan
-3.280000 nan
-3.270000 nan
-3.260000 nan
-3.250000 nan
-3.240000 nan
-3.230000 nan
-3.220000 nan
-3.210000 nan
-3.200000 nan
-3.190000 nan
-3.180000 nan
-3.170000 nan
-3.160000 nan
-3.150000 nan
-3.140000 nan
-3.130000 nan
-3.120000 nan
-3.110000 nan
-3.100000 nan
-3.090000 nan
-3.080000 nan
-3.070000 nan
-3.060000 nan
-3.050000 nan
-3.040000 nan
-3.030000 nan
-3.020000 nan
-3.010000 nan
-3.000000 nan
-2.990000 nan
-2.980000 nan
-2.970000 nan
-2.960000 nan
-2.950000 nan
-2.940000 nan
-2.930000 nan
-2.920000 nan
-2.910000 nan
-2.900000 nan
-2.890000 nan
-2.880000 nan
-2.870000 nan
-2.860000 nan
-2.850000 nan
-2.840000 nan
-2.830000 nan
-2.820000 nan
-2.810000 nan
-2.800000 nan
-2.790000 nan
-2.780000 nan
-2.770000 nan
-2.760000 nan
-2.750000 nan
-2.740000 nan
-2.730000 nan
-2.720000 nan
-2.710000 nan
-2.700000 nan
-2.690000 nan
-2.680000 nan
-2.670000 nan
-2.660000 nan
-2.650000 nan
-2.640000 nan
-2.630000 nan
-2.620000 nan
-2.610000 nan
-2.600000 nan
-2.590000 nan
-2.580000 nan
-2.570000 nan
-2.560000 nan
-2.550000 nan
-2.540000 nan
-2.530000 nan
-2.520000 nan
-2.510000 nan
-2.500000 nan
-2.490000 nan
-2.480000 nan
-2.470000 nan
-2.460000 nan
-2.450000 nan
-2.440000 nan
-2.430000 nan
-2.420000 nan
-2.410000 nan
-2.400000 nan
-2.390000 nan
-2.380000 nan
-2.370000 nan
-2.360000 nan
-2.350000 nan
-2.340000 nan
-2.330000 nan
-2.320000 nan
-2.310000 nan
-2.300000 nan
-2.290000 nan
-2.280000 nan
-2.270000 nan
-2.260000 nan
-2.250000 nan
-2.240000 nan
-2.230000 nan
-2.220000 nan
-2.210000 nan
-2.200000 nan
-2.190000 nan
-2.180000 nan
-2.170000 nan
-2.160000 nan
-2.150000 nan
-2.140000 nan
-2.130000 nan
-2.120000 nan
-2.110000 nan
-2.100000 nan
-2.090000 nan
-2.080000 nan
-2.070000 nan
-2.060000 nan
-2.050000 nan
-2.040000 nan
-2.030000 nan
-2.020000 nan
-2.010000 nan
-2.000000 nan
-1.990000 nan
-1.980000 nan
-1.970000 nan
-1.960000 nan
-1.950000 nan
-1.940000 nan
-1.930000 nan
-1.920000 nan
-1.910000 nan
-1.900000 nan
-1.890000 nan
-1.880000 nan
-1.870000 nan
-1.860000 nan
-1.850000 nan
-1.840000 nan
-1.830000 nan
-1.820000 nan
-1.810000 nan
-1.800000 nan
-1.790000 nan
-1.780000 nan
-1.770000 nan
-1.760000 nan
-1.750000 nan
-1.740000 nan
-1.730000 nan
-1.720000 nan
-1.710000 nan
-1.700000 nan
-1.690000 nan
-1.680000 nan
-1.670000 nan
-1.660000 nan
-1.650000 nan
-1.640000 nan
-1.630000 nan
-1.620000 nan
-1.610000 nan
-1.600000 nan
-1.590000 nan
-1.580000 nan
-1.570000 nan
-1.560000 nan
-1.550000 nan
-1.540000 nan
-1.530000 nan
-1.520000 nan
-1.510000 nan
-1.500000 nan
-1.490000 nan
-1.480000 nan
-1.470000 nan
-1.460000 nan
-1.450000 nan
-1.440000 nan
-1.430000 nan
-1.420000 nan
-1.410000 nan
-1.400000 nan
-1.390000 nan
-1.380000 nan
-1.370000 nan
-1.360000 nan
-1.350000 nan
-1.340000 nan
-1.330000 nan
-1.320000 nan
-1.310000 nan
-1.300000 nan
-1.290000 nan
-1.280000 nan
-1.270000 nan
-1.260000 nan
-1.250000 nan
-1.240000 nan
-1.230000 nan
-1.220000 nan
-1.210000 nan
-1.200000 nan
-1.190000 nan
-1.180000 nan
-1.170000 nan
-1.160000 nan
-1.150000 nan
-1.140000 nan
-1.130000 nan
-1.120000 nan
-1.110000 nan
-1.100000 nan
-1.090000 nan
-1.080000 nan
-1.070000 nan
-1.060000 nan
-1.050000 nan
-1.040000 nan
-1.030000 nan
-1.020000 nan
-1.010000 nan
-1.000000 nan
-0.990000 nan
-0.980000 nan
-0.970000 nan
-0.960000 nan
-0.950000 nan
-0.940000 nan
-0.930000 nan
-0.920000 nan
-0.910000 nan
-0.900000 nan
-0.890000 nan
-0.880000 nan
-0.870000 nan
-0.860000 nan
-0.850000 nan
-0.840000 nan
-0.830000 nan
-0.820000 nan
-0.810000 nan
-0.800000 nan
-0.790000 nan
-0.780000 nan
-0.770000 nan
-0.760000 nan
-0.750000 nan
-0.740000 nan
-0.730000 nan
-0.720000 nan
-0.710000 nan
-0.700000 nan
-0.690000 nan
-0.680000 nan
-0.670000 nan
-0.660000 nan
-0.650000 nan
-0.640000 nan
-0.630000 nan
-0.620000 nan
-0.610000 nan
-0.600000 nan
-0.590000 nan
-0.580000 nan
-0.570000 nan
-0.560000 nan
-0.550000 nan
-0.540000 nan
-0.530000 nan
-0.520000 nan
-0.510000 nan
-0.500000 nan
-0.490000 nan
-0.480000 nan
-0.470000 nan
-0.460000 nan
-0.450000 nan
-0.440000 nan
-0.430000 nan
-0.420000 nan
-0.410000 nan
-0.400000 nan
-0.390000 nan
-0.380000 nan
-0.370000 nan
-0.360000 nan
-0.350000 nan
-0.340000 nan
-0.330000 nan
-0.320000 nan
-0.310000 nan
-0.300000 nan
-0.290000 nan
-0.280000 nan
-0.270000 nan
-0.260000 nan
-0.250000 nan
-0.240000 nan
-0.230000 nan
-0.220000 nan
-0.210000 nan
-0.200000 nan
-0.190000 nan
-0.180000 nan
-0.170000 nan
-0.160000 nan
-0.150000 nan
-0.140000 nan
-0.130000 nan
-0.120000 nan
-0.110000 nan
-0.100000 nan
-0.090000 nan
-0.080000 nan
-0.070000 nan
-0.060000 nan
-0.050000 nan
-0.040000 nan
-0.030000 nan
-0.020000 nan
-0.010000 nan
-0.000000 nan
0.010000 4.599480
0.020000 3.900805
0.030000 3.489971
0.040000 3.197078
0.050000 2.968879
0.060000 2.781655
0.070000 2.622754
0.080000 2.484620
0.090000 2.362383
0.100000 2.252713
0.110000 2.153236
0.120000 2.062200
0.130000 1.978272
0.140000 1.900417
0.150000 1.827814
0.160000 1.759799
0.170000 1.695831
0.180000 1.635461
0.190000 1.578311
0.200000 1.524064
0.210000 1.472446
0.220000 1.423224
0.230000 1.376194
0.240000 1.331179
0.250000 1.288023
0.260000 1.246587
0.270000 1.206750
0.280000 1.168403
0.290000 1.131448
0.300000 1.095798
0.310000 1.061373
0.320000 1.028101
0.330000 0.995917
0.340000 0.964762
0.350000 0.934581
0.360000 0.905325
0.370000 0.876947
0.380000 0.849405
0.390000 0.822661
0.400000 0.796678
0.410000 0.771422
0.420000 0.746864
0.430000 0.722973
0.440000 0.699722
0.450000 0.677087
0.460000 0.655044
0.470000 0.633570
0.480000 0.612645
0.490000 0.592250
0.500000 0.572365
0.510000 0.552974
0.520000 0.534060
0.530000 0.515608
0.540000 0.497603
0.550000 0.480031
0.560000 0.462879
0.570000 0.446135
0.580000 0.429787
0.590000 0.413824
0.600000 0.398234
0.610000 0.383008
0.620000 0.368136
0.630000 0.353608
0.640000 0.339417
0.650000 0.325552
0.660000 0.312007
0.670000 0.298773
0.680000 0.285843
0.690000 0.273210
0.700000 0.260867
0.710000 0.248808
0.720000 0.237025
0.730000 0.225514
0.740000 0.214268
0.750000 0.203281
0.760000 0.192549
0.770000 0.182065
0.780000 0.171826
0.790000 0.161825
0.800000 0.152060
0.810000 0.142524
0.820000 0.133214
0.830000 0.124125
0.840000 0.115253
0.850000 0.106595
0.860000 0.098147
0.870000 0.089904
0.880000 0.081864
0.890000 0.074022
0.900000 0.066376
0.910000 0.058923
0.920000 0.051658
0.930000 0.044579
0.940000 0.037684
0.950000 0.030969
0.960000 0.024431
0.970000 0.018068
0.980000 0.011877
0.990000 0.005855
1.000000 -0.000000
1.010000 -0.005690
1.020000 -0.011219
1.030000 -0.016587
1.040000 -0.021798
1.050000 -0.026853
1.060000 -0.031755
1.070000 -0.036506
1.080000 -0.041108
1.090000 -0.045563
1.100000 -0.049872
1.110000 -0.054039
1.120000 -0.058063
1.130000 -0.061948
1.140000 -0.065695
1.150000 -0.069306
1.160000 -0.072782
1.170000 -0.076126
1.180000 -0.079338
1.190000 -0.082420
1.200000 -0.085374
1.210000 -0.088201
1.220000 -0.090903
1.230000 -0.093482
1.240000 -0.095937
1.250000 -0.098272
1.260000 -0.100487
1.270000 -0.102583
1.280000 -0.104563
1.290000 -0.106426
1.300000 -0.108175
1.310000 -0.109810
1.320000 -0.111333
1.330000 -0.112745
1.340000 -0.114048
1.350000 -0.115241
1.360000 -0.116327
1.370000 -0.117305
1.380000 -0.118179
1.390000 -0.118948
1.400000 -0.119613
1.410000 -0.120176
1.420000 -0.120637
1.430000 -0.120997
1.440000 -0.121258
1.450000 -0.121421
1.460000 -0.121485
1.470000 -0.121453
1.480000 -0.121324
1.490000 -0.121100
1.500000 -0.120782
1.510000 -0.120371
1.520000 -0.119867
1.530000 -0.119271
1.540000 -0.118583
1.550000 -0.117806
1.560000 -0.116939
1.570000 -0.115984
1.580000 -0.114940
1.590000 -0.113809
1.600000 -0.112592
1.610000 -0.111288
1.620000 -0.109900
1.630000 -0.108427
1.640000 -0.106871
1.650000 -0.105231
1.660000 -0.103508
1.670000 -0.101704
1.680000 -0.099819
1.690000 -0.097853
1.700000 -0.095808
1.710000 -0.093683
1.720000 -0.091479
1.730000 -0.089197
1.740000 -0.086838
1.750000 -0.084401
1.760000 -0.081888
1.770000 -0.079300
1.780000 -0.076636
1.790000 -0.073897
1.800000 -0.071084
1.810000 -0.068197
1.820000 -0.065237
1.830000 -0.062205
1.840000 -0.059100
1.850000 -0.055924
1.860000 -0.052676
1.870000 -0.049358
1.880000 -0.045970
1.890000 -0.042512
1.900000 -0.038984
1.910000 -0.035388
1.920000 -0.031724
1.930000 -0.027991
1.940000 -0.024191
1.950000 -0.020325
1.960000 -0.016391
1.970000 -0.012391
1.980000 -0.008326
1.990000 -0.004196
2.000000 -0.000000
2.010000 0.004260
2.020000 0.008584
2.030000 0.012972
2.040000 0.017423
2.050000 0.021937
2.060000 0.026514
2.070000 0.031152
2.080000 0.035853
2.090000 0.040615
2.100000 0.045438
2.110000 0.050321
2.120000 0.055265
2.130000 0.060269
2.140000 0.065333
2.150000 0.070456
2.160000 0.075638
2.170000 0.080878
2.180000 0.086177
2.190000 0.091533
2.200000 0.096947
2.210000 0.102419
2.220000 0.107947
2.230000 0.113533
2.240000 0.119174
2.250000 0.124872
2.260000 0.130625
2.270000 0.136434
2.280000 0.142298
2.290000 0.148216
2.300000 0.154189
2.310000 0.160217
2.320000 0.166298
2.330000 0.172433
2.340000 0.178622
2.350000 0.184864
2.360000 0.191158
2.370000 0.197505
2.380000 0.203905
2.390000 0.210356
2.400000 0.216859
2.410000 0.223414
2.420000 0.230020
2.430000 0.236677
2.440000 0.243385
2.450000 0.250143
2.460000 0.256951
2.470000 0.263810
2.480000 0.270718
2.490000 0.277676
2.500000 0.284683
2.510000 0.291739
2.520000 0.298844
2.530000 0.305997
2.540000 0.313199
2.550000 0.320449
2.560000 0.327747
2.570000 0.335092
2.580000 0.342485
2.590000 0.349925
2.600000 0.357412
2.610000 0.364946
2.620000 0.372526
2.630000 0.380153
2.640000 0.387826
2.650000 0.395545
2.660000 0.403309
2.670000 0.411119
2.680000 0.418975
2.690000 0.426875
2.700000 0.434821
2.710000 0.442811
2.720000 0.450845
2.730000 0.458924
2.740000 0.467048
2.750000 0.475215
2.760000 0.483426
2.770000 0.491680
2.780000 0.499978
2.790000 0.508319
2.800000 0.516703
2.810000 0.525130
2.820000 0.533599
2.830000 0.542111
2.840000 0.550665
2.850000 0.559262
2.860000 0.567900
2.870000 0.576580
2.880000 0.585302
2.890000 0.594065
2.900000 0.602870
2.910000 0.611715
2.920000 0.620602
2.930000 0.629529
2.940000 0.638497
2.950000 0.647505
2.960000 0.656553
2.970000 0.665642
2.980000 0.674771
2.990000 0.683939
3.000000 0.693147
3.010000 0.702395
3.020000 0.711682
3.030000 0.721008
3.040000 0.730373
3.050000 0.739777
3.060000 0.749220
3.070000 0.758701
3.080000 0.768221
3.090000 0.777779
3.100000 0.787375
3.110000 0.797009
3.120000 0.806681
3.130000 0.816391
3.140000 0.826139
3.150000 0.835924
3.160000 0.845746
3.170000 0.855605
3.180000 0.865501
3.190000 0.875435
3.200000 0.885405
3.210000 0.895412
3.220000 0.905455
3.230000 0.915534
3.240000 0.925650
3.250000 0.935802
3.260000 0.945990
3.270000 0.956214
3.280000 0.966473
3.290000 0.976768
3.300000 0.987099
3.310000 0.997464
3.320000 1.007866
3.330000 1.018302
3.340000 1.028773
3.350000 1.039279
3.360000 1.049820
3.370000 1.060395
3.380000 1.071005
3.390000 1.081649
3.400000 1.092328
3.410000 1.103041
3.420000 1.113788
3.430000 1.124568
3.440000 1.135383
3.450000 1.146231
3.460000 1.157113
3.470000 1.168028
3.480000 1.178977
3.490000 1.189959
3.500000 1.200974
3.510000 1.212022
3.520000 1.223103
3.530000 1.234216
3.540000 1.245363
3.550000 1.256542
3.560000 1.267754
3.570000 1.278998
3.580000 1.290274
3.590000 1.301583
3.600000 1.312923
3.610000 1.324296
3.620000 1.335700
3.630000 1.347137
3.640000 1.358605
3.650000 1.370104
3.660000 1.381635
3.670000 1.393198
3.680000 1.404791
3.690000 1.416416
3.700000 1.428072
3.710000 1.439759
3.720000 1.451477
3.730000 1.463226
3.740000 1.475005
3.750000 1.486816
3.760000 1.498656
3.770000 1.510527
3.780000 1.522429
3.790000 1.534360
3.800000 1.546322
3.810000 1.558314
3.820000 1.570336
3.830000 1.582388
3.840000 1.594469
3.850000 1.606581
3.860000 1.618722
3.870000 1.630892
3.880000 1.643092
3.890000 1.655322
3.900000 1.667580
3.910000 1.679868
3.920000 1.692185
3.930000 1.704531
3.940000 1.716906
3.950000 1.729310
3.960000 1.741743
3.970000 1.754204
3.980000 1.766694
3.990000 1.779212
4.000000 1.791759
4.010000 1.804335
4.020000 1.816938
4.030000 1.829570
4.040000 1.842230
4.050000 1.854918
4.060000 1.867635
4.070000 1.880379
4.080000 1.893150
4.090000 1.905950
4.100000 1.918777
4.110000 1.931632
4.120000 1.944514
4.130000 1.957424
4.140000 1.970361
4.150000 1.983326
4.160000 1.996318
4.170000 2.009337
4.180000 2.022383
4.190000 2.035456
4.200000 2.048556
4.210000 2.061682
4.220000 2.074836
4.230000 2.088016
4.240000 2.101223
4.250000 2.114457
4.260000 2.127717
4.270000 2.141004
4.280000 2.154316
4.290000 2.167656
4.300000 2.181021
4.310000 2.194413
4.320000 2.207830
4.330000 2.221274
4.340000 2.234744
4.350000 2.248239
4.360000 2.261761
4.370000 2.275308
4.380000 2.288881
4.390000 2.302479
4.400000 2.316103
4.410000 2.329753
4.420000 2.343428
4.430000 2.357129
4.440000 2.370854
4.450000 2.384605
4.460000 2.398381
4.470000 2.412183
4.480000 2.426009
4.490000 2.439860
4.500000 2.453737
4.510000 2.467638
4.520000 2.481564
4.530000 2.495514
4.540000 2.509490
4.550000 2.523490
4.560000 2.537514
4.570000 2.551563
4.580000 2.565637
4.590000 2.579735
4.600000 2.593857
4.610000 2.608004
4.620000 2.622174
4.630000 2.636369
4.640000 2.650588
4.650000 2.664831
4.660000 2.679098
4.670000 2.693389
4.680000 2.707704
4.690000 2.722043
4.700000 2.736405
4.710000 2.750791
4.720000 2.765201
4.730000 2.779634
4.740000 2.794091
4.750000 2.808571
4.760000 2.823075
4.770000 2.837602
4.780000 2.852153
4.790000 2.866726
4.800000 2.881323
4.810000 2.895943
4.820000 2.910586
4.830000 2.925253
4.840000 2.939942
4.850000 2.954654
4.860000 2.969389
4.870000 2.984147
4.880000 2.998927
4.890000 3.013731
4.900000 3.028557
4.910000 3.043406
4.920000 3.058277
4.930000 3.073171
4.940000 3.088087
4.950000 3.103026
4.960000 3.117987
4.970000 3.132970
4.980000 3.147976
4.990000 3.163004
5.000000 3.178054
