# iter cost
0 1.38043545e+01
1 1.07542042e+01
2 9.73869909e+00
3 6.70137453e+00
4 3.98745140e+00
5 3.33026527e+00
6 1.02050683e+00
7 8.47132586e-01
8 7.06510831e-01
9 5.82719968e-01
10 4.74952307e-01
11 3.83360240e-01
12 3.09348941e-01
13 2.60863513e-01
14 2.23400877e-01
15 1.96348867e-01
16 1.74316648e-01
17 1.57998829e-01
18 1.54540031e-01
19 1.24301570e-01
20 1.12920320e-01
21 1.04050152e-01
22 9.59263994e-02
23 8.83412946e-02
24 8.14900869e-02
25 7.62996962e-02
26 7.03935361e-02
27 6.65547115e-02
28 6.29529388e-02
29 5.93832984e-02
30 5.58292600e-02
31 5.23312314e-02
32 4.90394863e-02
33 4.66255316e-02
34 4.37647294e-02
35 4.16665867e-02
36 3.96918965e-02
37 3.77535237e-02
38 3.59173701e-02
39 3.45305481e-02
40 3.24520546e-02
41 3.11745502e-02
42 2.99475577e-02
43 2.86879408e-02
44 2.73857562e-02
45 2.60497921e-02
46 2.47132199e-02
47 2.35096276e-02
48 2.31248215e-02
49 2.16325601e-02
50 2.06721734e-02
51 1.98939382e-02
52 1.93243575e-02
53 1.81379804e-02
54 1.76299198e-02
55 1.71274070e-02
56 1.66004113e-02
57 1.60467876e-02
58 1.54672459e-02
59 1.48634126e-02
60 1.42376710e-02
61 1.35937354e-02
62 1.29395546e-02
63 1.23074001e-02
64 1.19145854e-02
65 1.15332684e-02
66 1.12644895e-02
67 1.12273721e-02
68 1.03466960e-02
69 1.00800281e-02
70 9.84560316e-03
71 9.60368060e-03
72 9.34935530e-03
73 9.08198246e-03
74 8.80216121e-03
75 8.51244148e-03
76 8.22313065e-03
77 7.98784192e-03
78 7.76396282e-03
79 7.57336382e-03
80 7.38873465e-03
81 7.21213302e-03
82 7.07427499e-03
83 6.84692552e-03
84 6.71509960e-03
85 6.58525477e-03
86 6.44845361e-03
87 6.30317325e-03
88 6.14910821e-03
89 5.98668579e-03
90 5.81842046e-03
91 5.65696256e-03
92 5.57769045e-03
93 5.41616491e-03
94 5.29732504e-03
95 5.20093734e-03
96 5.15023046e-03
97 4.93321613e-03
98 4.85052767e-03
99 4.77186558e-03
100 4.68857143e-03
101 4.59937953e-03
102 4.50387564e-03
103 4.40186982e-03
104 4.29348006e-03
105 4.17998614e-03
106 4.06893866e-03
107 4.01037174e-03
108 3.91458155e-03
109 3.84249907e-03
110 3.79382404e-03
111 3.66073472e-03
112 3.61016615e-03
113 3.55943853e-03
114 3.50499719e-03
115 3.44632475e-03
116 3.38315809e-03
117 3.31528150e-03
118 3.24251372e-03
119 3.16474178e-03
120 3.08210399e-03
121 2.99610707e-03
122 2.91828308e-03
123 2.86528166e-03
124 2.81514190e-03
125 2.77170017e-03
126 2.75677962e-03
127 2.65600047e-03
128 2.61095226e-03
129 2.57017402e-03
130 2.52779991e-03
131 2.48277574e-03
132 2.43506745e-03
133 2.38575323e-03
134 2.34019230e-03
135 2.32672982e-03
136 2.25937733e-03
137 2.21625165e-03
138 2.17901607e-03
139 2.14640083e-03
140 2.12791396e-03
141 2.06132133e-03
142 2.03218988e-03
143 2.00441584e-03
144 1.97498092e-03
145 1.94336852e-03
146 1.90940701e-03
147 1.87306007e-03
148 1.83459927e-03
149 1.79568959e-03
150 1.76621390e-03
151 1.73284953e-03
152 1.70494021e-03
153 1.67846635e-03
154 1.65479674e-03
155 1.64322830e-03
156 1.59495006e-03
157 1.57230142e-03
158 1.55122211e-03
159 1.52911552e-03
160 1.50550584e-03
161 1.48031733e-03
162 1.45382669e-03
163 1.42755452e-03
164 1.40953794e-03
165 1.38198503e-03
166 1.36121982e-03
167 1.34142042e-03
168 1.32193415e-03
169 1.30472050e-03
170 1.29906731e-03
171 1.26194554e-03
172 1.24392843e-03
173 1.22771846e-03
174 1.21101878e-03
175 1.19343656e-03
176 1.17518579e-03
177 1.15765389e-03
178 1.14749113e-03
179 1.12371756e-03
180 1.10832998e-03
181 1.09389994e-03
182 1.07921843e-03
183 1.06445075e-03
184 1.05141575e-03
185 1.04847566e-03
186 1.02129514e-03
187 1.00715414e-03
188 9.94696459e-04
189 9.82166137e-04
190 9.69449629e-04
191 9.57577750e-04
192 9.51350827e-04
193 9.31548693e-04
194 9.20476823e-04
195 9.10171155e-04
196 8.99492453e-04
197 8.88260539e-04
198 8.76696386e-04
199 8.66004348e-04
200 8.62054080e-04
201 8.44794138e-04
202 8.34365590e-04
203 8.25008762e-04
204 8.15811358e-04
205 8.07175288e-04
206 8.01647871e-04
207 7.87449494e-04
208 7.79893105e-04
209 7.72646368e-04
210 7.64997398e-04
211 7.56807465e-04
212 7.48052465e-04
213 7.38820423e-04
214 7.29615840e-04
215 7.23149442e-04
216 7.13766960e-04
217 7.06560358e-04
218 6.99662070e-04
219 6.92892178e-04
220 6.87032291e-04
221 6.85731066e-04
222 6.71977413e-04
223 6.65469454e-04
224 6.59706363e-04
225 6.53801718e-04
226 6.47609791e-04
227 6.41243607e-04
228 6.35370614e-04
229 6.33196643e-04
230 6.23411167e-04
231 6.17610144e-04
232 6.12389335e-04
233 6.07198561e-04
234 6.02168932e-04
235 5.98354617e-04
236 5.91363749e-04
237 5.87287129e-04
238 5.83262385e-04
239 5.78979651e-04
240 5.74374576e-04
241 5.69427245e-04
242 5.64153758e-04
243 5.58693978e-04
244 5.53829521e-04
245 5.49419960e-04
246 5.45555011e-04
247 5.41630546e-04
248 5.37564061e-04
249 5.33518347e-04
250 5.30315069e-04
251 5.25480033e-04
252 5.22272229e-04
253 5.19089416e-04
254 5.15713743e-04
255 5.12099109e-04
256 5.08251171e-04
257 5.04270469e-04
258 5.00677774e-04
259 5.00406523e-04
260 4.94703023e-04
261 4.91135047e-04
262 4.88294694e-04
263 4.86377411e-04
264 4.80977535e-04
265 4.78825994e-04
266 4.76674989e-04
267 4.74358811e-04
268 4.71849986e-04
269 4.69133347e-04
270 4.66195702e-04
271 4.63025254e-04
272 4.59614874e-04
273 4.55980308e-04
274 4.52280053e-04
275 4.49779341e-04
276 4.47300015e-04
277 4.45404868e-04
278 4.44775334e-04
279 4.39282632e-04
280 4.37395211e-04
281 4.35641917e-04
282 4.33778172e-04
283 4.31764981e-04
284 4.29587282e-04
285 4.27236170e-04
286 4.24712606e-04
287 4.22059747e-04
288 4.19558640e-04
289 4.19139991e-04
290 4.16486622e-04
291 4.14795377e-04
292 4.14160358e-04
293 4.09302303e-04
294 4.07926519e-04
295 4.06609257e-04
296 4.05193917e-04
297 4.03658446e-04
298 4.01992026e-04
299 4.00185354e-04
300 3.98229903e-04
301 3.96119876e-04
302 3.93863683e-04
303 3.91557873e-04
304 3.89971920e-04
305 3.88372692e-04
306 3.87109144e-04
307 3.86514159e-04
308 3.83326670e-04
309 3.82163958e-04
310 3.81054415e-04
311 3.79866829e-04
312 3.78579374e-04
313 3.77182107e-04
314 3.75667648e-04
315 3.74032109e-04
316 3.72286701e-04
317 3.70526785e-04
318 3.69421766e-04
319 3.67931649e-04
320 3.66735559e-04
321 3.65818482e-04
322 3.65731300e-04
323 3.62633090e-04
324 3.61541762e-04
325 3.60567101e-04
326 3.59540791e-04
327 3.58433412e-04
328 3.57235502e-04
329 3.55946579e-04
330 3.54590455e-04
331 3.53309201e-04
332 3.52965227e-04
333 3.51300991e-04
334 3.50165294e-04
335 3.49263626e-04
336 3.48782220e-04
337 3.46649641e-04
338 3.45855343e-04
339 3.45085147e-04
340 3.44256709e-04
341 3.43355826e-04
342 3.42375187e-04
343 3.41308677e-04
344 3.40151543e-04
345 3.38905227e-04
346 3.37606106e-04
347 3.36525318e-04
348 3.35553757e-04
349 3.34673955e-04
350 3.33860375e-04
351 3.33296831e-04
352 3.31879568e-04
353 3.31177391e-04
354 3.30485125e-04
355 3.29741026e-04
356 3.28932134e-04
357 3.28051893e-04
358 3.27096051e-04
359 3.26066199e-04
360 3.24992661e-04
361 3.24078560e-04
362 3.23210218e-04
363 3.22433712e-04
364 3.21663906e-04
365 3.20929211e-04
366 3.20433214e-04
367 3.19234122e-04
368 3.18578987e-04
369 3.17940008e-04
370 3.17257140e-04
371 3.16516901e-04
372 3.15714511e-04
373 3.14853160e-04
374 3.13966156e-04
375 3.13247665e-04
376 3.12415530e-04
377 3.11727982e-04
378 3.11042428e-04
379 3.10341426e-04
380 3.09675069e-04
381 3.09290545e-04
382 3.08169532e-04
383 3.07536152e-04
384 3.06933015e-04
385 3.06296135e-04
386 3.05612348e-04
387 3.04885348e-04
388 3.04154059e-04
389 3.03619026e-04
390 3.02768906e-04
391 3.02153235e-04
392 3.01548298e-04
393 3.00915385e-04
394 3.00258561e-04
395 2.99637805e-04
396 2.99341707e-04
397 2.98296717e-04
398 2.97679282e-04
399 2.97103652e-04
400 2.96507484e-04
401 2.95885593e-04
402 2.95276724e-04
403 2.94870934e-04
404 2.93996009e-04
405 2.93448894e-04
406 2.92918124e-04
407 2.92356331e-04
408 2.91754288e-04
409 2.91119999e-04
410 2.90507401e-04
411 2.90193280e-04
412 2.89308714e-04
413 2.88727252e-04
414 2.88183432e-04
415 2.87633932e-04
416 2.87100506e-04
417 2.86721890e-04
418 2.85906157e-04
419 2.85436201e-04
420 2.84973969e-04
421 2.84478690e-04
422 2.83940702e-04
423 2.83356643e-04
424 2.82730105e-04
425 2.82092510e-04
426 2.81627278e-04
427 2.80972165e-04
428 2.80453442e-04
429 2.79947870e-04
430 2.79444662e-04
431 2.79005306e-04
432 2.78921848e-04
433 2.77846147e-04
434 2.77327076e-04
435 2.76862887e-04
436 2.76382109e-04
437 2.75872060e-04
438 2.75342827e-04
439 2.74858391e-04
440 2.74737114e-04
441 2.73825454e-04
442 2.73294343e-04
443 2.72819267e-04
444 2.72347124e-04
445 2.71895116e-04
446 2.71589030e-04
447 2.70844740e-04
448 2.70436905e-04
449 2.70037906e-04
450 2.69610166e-04
451 2.69144938e-04
452 2.68638800e-04
453 2.68093198e-04
454 2.67528225e-04
455 2.67064031e-04
456 2.66535293e-04
457 2.66094445e-04
458 2.65652399e-04
459 2.65197882e-04
460 2.64761669e-04
461 2.64497592e-04
462 2.63783456e-04
463 2.63371609e-04
464 2.62976245e-04
465 2.62557017e-04
466 2.62105258e-04
467 2.61622789e-04
468 2.61133460e-04
469 2.60762563e-04
470 2.60208737e-04
471 2.59799350e-04
472 2.59393687e-04
473 2.58967033e-04
474 2.58521494e-04
475 2.58094388e-04
476 2.57867351e-04
477 2.57185028e-04
478 2.56769609e-04
479 2.56377450e-04
480 2.55968791e-04
481 2.55539927e-04
482 2.55114963e-04
483 2.54814126e-04
484 2.54234132e-04
485 2.53859396e-04
486 2.53491878e-04
487 2.53101089e-04
488 2.52680720e-04
489 2.52235412e-04
490 2.51799148e-04
491 2.51548656e-04
492 2.50954674e-04
493 2.50551448e-04
494 2.50168833e-04
495 2.49778722e-04
496 2.49394739e-04
497 2.49105904e-04
498 2.48555124e-04
499 2.48224318e-04
500 2.47895442e-04
501 2.47541839e-04
502 2.47156871e-04
503 2.46737926e-04
504 2.46286864e-04
505 2.45823621e-04
506 2.45467208e-04
507 2.45010724e-04
508 2.44639754e-04
509 2.44273783e-04
510 2.43905479e-04
511 2.43574821e-04
512 2.43473250e-04
513 2.42741217e-04
514 2.42371462e-04
515 2.42034680e-04
516 2.41683598e-04
517 2.41309522e-04
518 2.40918758e-04
519 2.40553329e-04
520 2.40424207e-04
521 2.39792399e-04
522 2.39409944e-04
523 2.39061530e-04
524 2.38711639e-04
525 2.38371516e-04
526 2.38125087e-04
527 2.37603915e-04
528 2.37305331e-04
529 2.37010009e-04
530 2.36692484e-04
531 2.36346570e-04
532 2.35969622e-04
533 2.35562257e-04
534 2.35137703e-04
535 2.34777118e-04
536 2.34393152e-04
537 2.34066065e-04
538 2.33735255e-04
539 2.33392836e-04
540 2.33059594e-04
541 2.32840639e-04
542 2.32330667e-04
543 2.32025231e-04
544 2.31728674e-04
545 2.31413105e-04
546 2.31072307e-04
547 2.30707267e-04
548 2.30334214e-04
549 2.30039788e-04
550 2.29635200e-04
551 2.29328488e-04
552 2.29022011e-04
553 2.28698403e-04
554 2.28358933e-04
555 2.28029516e-04
556 2.27837393e-04
557 2.27340793e-04
558 2.27029236e-04
559 2.26731934e-04
560 2.26420801e-04
561 2.26093056e-04
562 2.25765592e-04
563 2.25523590e-04
564 2.25096303e-04
565 2.24812855e-04
566 2.24532748e-04
567 2.24234151e-04
568 2.23912397e-04
569 2.23570630e-04
570 2.23233085e-04
571 2.23026811e-04
572 2.22585220e-04
573 2.22279140e-04
574 2.21986267e-04
575 2.21686277e-04
576 2.21388981e-04
577 2.21159044e-04
578 2.20747622e-04
579 2.20494806e-04
580 2.20242155e-04
581 2.19970136e-04
582 2.19673771e-04
583 2.19351009e-04
584 2.19003081e-04
585 2.18644563e-04
586 2.18363333e-04
587 2.18016218e-04
588 2.17731134e-04
589 2.17448643e-04
590 2.17163323e-04
591 2.16904984e-04
592 2.16816697e-04
593 2.16263264e-04
594 2.15979292e-04
595 2.15719179e-04
596 2.15447526e-04
597 2.15157767e-04
598 2.14854622e-04
599 2.14569876e-04
600 2.14463540e-04
601 2.13980155e-04
602 2.13684930e-04
603 2.13414976e-04
604 2.13143387e-04
605 2.12878835e-04
606 2.12685744e-04
607 2.12283932e-04
608 2.12052277e-04
609 2.11822851e-04
610 2.11576075e-04
611 2.11307158e-04
612 2.11014037e-04
613 2.10697179e-04
614 2.10366888e-04
615 2.10086534e-04
616 2.09787542e-04
617 2.09532816e-04
618 2.09275206e-04
619 2.09008629e-04
620 2.08749540e-04
621 2.08581005e-04
622 2.08181079e-04
623 2.07942443e-04
624 2.07711034e-04
625 2.07464856e-04
626 2.07199028e-04
627 2.06914393e-04
628 2.06624011e-04
629 2.06397443e-04
630 2.06078445e-04
631 2.05838174e-04
632 2.05598606e-04
633 2.05345899e-04
634 2.05081194e-04
635 2.04825631e-04
636 2.04682744e-04
637 2.04286834e-04
638 2.04041573e-04
639 2.03808637e-04
640 2.03565306e-04
641 2.03309451e-04
642 2.03055105e-04
643 2.02872607e-04
644 2.02530106e-04
645 2.02306675e-04
646 2.02086958e-04
647 2.01853072e-04
648 2.01601280e-04
649 2.01334353e-04
650 2.01072703e-04
651 2.00922842e-04
652 2.00566148e-04
653 2.00323708e-04
654 2.00093627e-04
655 1.99859099e-04
656 1.99628647e-04
657 1.99457263e-04
658 1.99121907e-04
659 1.98921778e-04
660 1.98723144e-04
661 1.98509589e-04
662 1.98277029e-04
663 1.98023885e-04
664 1.97751411e-04
665 1.97472379e-04
666 1.97262817e-04
667 1.96981786e-04
668 1.96755795e-04
669 1.96533963e-04
670 1.96311907e-04
671 1.96115876e-04
672 1.96070993e-04
673 1.95606399e-04
674 1.95377976e-04
675 1.95172238e-04
676 1.94958507e-04
677 1.94731266e-04
678 1.94494949e-04
679 1.94277973e-04
680 1.94222504e-04
681 1.93815831e-04
682 1.93577523e-04
683 1.93363873e-04
684 1.93151339e-04
685 1.92948040e-04
686 1.92812131e-04
687 1.92472377e-04
688 1.92286928e-04
689 1.92105668e-04
690 1.91911232e-04
691 1.91699541e-04
692 1.91468991e-04
693 1.91220310e-04
694 1.90963233e-04
695 1.90756050e-04
696 1.90509841e-04
697 1.90306542e-04
698 1.90103470e-04
699 1.89895412e-04
700 1.89697924e-04
701 1.89588227e-04
702 1.89244031e-04
703 1.89051077e-04
704 1.88867509e-04
705 1.88673248e-04
706 1.88464064e-04
707 1.88241093e-04
708 1.88016962e-04
709 1.87857480e-04
710 1.87587185e-04
711 1.87393509e-04
712 1.87203612e-04
713 1.87004816e-04
714 1.86798586e-04
715 1.86605445e-04
716 1.86524525e-04
717 1.86177898e-04
718 1.85977398e-04
719 1.85791870e-04
720 1.85600006e-04
721 1.85400164e-04
722 1.85206310e-04
723 1.85086904e-04
724 1.84787367e-04
725 1.84605664e-04
726 1.84430883e-04
727 1.84246071e-04
728 1.84047974e-04
729 1.83839719e-04
730 1.83641781e-04
731 1.83559295e-04
732 1.83244793e-04
733 1.83045629e-04
734 1.82862387e-04
735 1.82678999e-04
736 1.82504408e-04
737 1.82393800e-04
738 1.82093436e-04
739 1.81930392e-04
740 1.81772347e-04
741 1.81603310e-04
742 1.81419578e-04
743 1.81219985e-04
744 1.81006258e-04
745 1.80791822e-04
746 1.80654235e-04
747 1.80410797e-04
748 1.80226882e-04
749 1.80051554e-04
750 1.79880906e-04
751 1.79742330e-04
752 1.79498979e-04
753 1.79359541e-04
754 1.79217933e-04
755 1.79064353e-04
756 1.78896332e-04
757 1.78712318e-04
758 1.78511051e-04
759 1.78292140e-04
760 1.78059781e-04
761 1.77846281e-04
762 1.77668996e-04
763 1.77502383e-04
764 1.77332410e-04
765 1.77163554e-04
766 1.77029821e-04
767 1.76799959e-04
768 1.76658188e-04
769 1.76515757e-04
770 1.76362104e-04
771 1.76194490e-04
772 1.76011620e-04
773 1.75813564e-04
774 1.75605781e-04
775 1.75422940e-04
776 1.75243005e-04
777 1.75085697e-04
778 1.74925133e-04
779 1.74757902e-04
780 1.74593158e-04
781 1.74477601e-04
782 1.74241479e-04
783 1.74094616e-04
784 1.73950606e-04
785 1.73796960e-04
786 1.73630811e-04
787 1.73452560e-04
788 1.73269690e-04
789 1.73122589e-04
790 1.72928928e-04
791 1.72779954e-04
792 1.72630482e-04
793 1.72472420e-04
794 1.72306434e-04
795 1.72145099e-04
796 1.72050318e-04
797 1.71808965e-04
798 1.71656692e-04
799 1.71511231e-04
800 1.71358993e-04
801 1.71198720e-04
802 1.71039031e-04
803 1.70923218e-04
804 1.70710977e-04
805 1.70571380e-04
806 1.70433849e-04
807 1.70287385e-04
808 1.70129687e-04
809 1.69962534e-04
810 1.69798884e-04
811 1.69706432e-04
812 1.69481945e-04
813 1.69329702e-04
814 1.69185463e-04
815 1.69038677e-04
816 1.68895011e-04
817 1.68790365e-04
818 1.68576356e-04
819 1.68450232e-04
820 1.68325485e-04
821 1.68191471e-04
822 1.68045570e-04
823 1.67886812e-04
824 1.67716132e-04
825 1.67542232e-04
826 1.67416532e-04
827 1.67235897e-04
828 1.67092961e-04
829 1.66953769e-04
830 1.66815609e-04
831 1.66696765e-04
832 1.66683857e-04
833 1.66373866e-04
834 1.66227045e-04
835 1.66096944e-04
836 1.65962523e-04
837 1.65820116e-04
838 1.65673053e-04
839 1.65541740e-04
840 1.65527743e-04
841 1.65252722e-04
842 1.65098365e-04
843 1.64963074e-04
844 1.64830357e-04
845 1.64706443e-04
846 1.64634095e-04
847 1.64401251e-04
848 1.64281965e-04
849 1.64167324e-04
850 1.64044796e-04
851 1.63911559e-04
852 1.63766630e-04
853 1.63610797e-04
854 1.63451676e-04
855 1.63333715e-04
856 1.63168915e-04
857 1.63038446e-04
858 1.62910436e-04
859 1.62781271e-04
860 1.62663306e-04
861 1.62616753e-04
862 1.62371685e-04
863 1.62245277e-04
864 1.62128397e-04
865 1.62005721e-04
866 1.61874217e-04
867 1.61735099e-04
868 1.61598778e-04
869 1.61518287e-04
870 1.61328277e-04
871 1.61201704e-04
872 1.61080904e-04
873 1.60956058e-04
874 1.60828743e-04
875 1.60716169e-04
876 1.60700252e-04
877 1.60443808e-04
878 1.60309507e-04
879 1.60190469e-04
880 1.60069527e-04
881 1.59945735e-04
882 1.59831275e-04
883 1.59784454e-04
884 1.59561559e-04
885 1.59440576e-04
886 1.59328607e-04
887 1.59211657e-04
888 1.59087335e-04
889 1.58958768e-04
890 1.58844205e-04
891 1.58835782e-04
892 1.58597209e-04
893 1.58461947e-04
894 1.58344279e-04
895 1.58230696e-04
896 1.58129693e-04
897 1.58091057e-04
898 1.57856538e-04
899 1.57747161e-04
900 1.57645780e-04
901 1.57538463e-04
902 1.57422267e-04
903 1.57296569e-04
904 1.57163438e-04
905 1.57035782e-04
906 1.56985881e-04
907 1.56803715e-04
908 1.56680338e-04
909 1.56569455e-04
910 1.56468099e-04
911 1.56402708e-04
912 1.56209441e-04
913 1.56117191e-04
914 1.56026745e-04
915 1.55929214e-04
916 1.55822661e-04
917 1.55706050e-04
918 1.55578672e-04
919 1.55440710e-04
920 1.55296887e-04
921 1.55179594e-04
922 1.55056339e-04
923 1.54948362e-04
924 1.54842521e-04
925 1.54743917e-04
926 1.54687215e-04
927 1.54499949e-04
928 1.54404488e-04
929 1.54312902e-04
930 1.54215051e-04
931 1.54108663e-04
932 1.53992958e-04
933 1.53868611e-04
934 1.53741921e-04
935 1.53649537e-04
936 1.53516545e-04
937 1.53411988e-04
938 1.53309740e-04
939 1.53206898e-04
940 1.53113803e-04
941 1.53080664e-04
942 1.52879921e-04
943 1.52778044e-04
944 1.52684431e-04
945 1.52586360e-04
946 1.52481349e-04
947 1.52370477e-04
948 1.52262596e-04
949 1.52202608e-04
950 1.52046572e-04
951 1.51944439e-04
952 1.51847656e-04
953 1.51747992e-04
954 1.51646878e-04
955 1.51559113e-04
956 1.51554926e-04
957 1.51340833e-04
958 1.51231552e-04
959 1.51135889e-04
960 1.51039226e-04
961 1.50940852e-04
962 1.50851412e-04
963 1.50821586e-04
964 1.50634384e-04
965 1.50535938e-04
966 1.50445942e-04
967 1.50352328e-04
968 1.50253103e-04
969 1.50151102e-04
970 1.50062469e-04
971 1.49950702e-04
972 1.49869693e-04
973 1.49786887e-04
974 1.49697503e-04
975 1.49600190e-04
976 1.49494601e-04
977 1.49382346e-04
978 1.49273997e-04
979 1.49232247e-04
980 1.49089069e-04
981 1.48988771e-04
982 1.48901171e-04
983 1.48830635e-04
984 1.48821961e-04
985 1.48597667e-04
986 1.48511095e-04
987 1.48433267e-04
988 1.48351026e-04
989 1.48261802e-04
990 1.48164769e-04
991 1.48060270e-04
992 1.47952624e-04
993 1.47866734e-04
994 1.47759306e-04
995 1.47672818e-04
996 1.47586393e-04
997 1.47496771e-04
998 1.47407922e-04
999 1.47341625e-04
1000 1.47218215e-04
1001 1.47141143e-04
1002 1.47064713e-04
1003 1.46982731e-04
1004 1.46893662e-04
1005 1.46797187e-04
1006 1.46695007e-04
1007 1.46597727e-04
1008 1.46566748e-04
1009 1.46427785e-04
1010 1.46333680e-04
1011 1.46251878e-04
1012 1.46184207e-04
1013 1.46166315e-04
1014 1.45971962e-04
1015 1.45894854e-04
1016 1.45824102e-04
1017 1.45748899e-04
1018 1.45667118e-04
1019 1.45577954e-04
1020 1.45481339e-04
1021 1.45379543e-04
1022 1.45286758e-04
1023 1.45199516e-04
1024 1.45123047e-04
1025 1.45044076e-04
1026 1.44960188e-04
1027 1.44872787e-04
1028 1.44791643e-04
1029 1.44765311e-04
1030 1.44618696e-04
1031 1.44531899e-04
1032 1.44453086e-04
1033 1.44373649e-04
1034 1.44295410e-04
1035 1.44234726e-04
1036 1.44123247e-04
1037 1.44056819e-04
1038 1.43990277e-04
1039 1.43918477e-04
1040 1.43840113e-04
1041 1.43754535e-04
1042 1.43661625e-04
1043 1.43563269e-04
1044 1.43472094e-04
1045 1.43470652e-04
1046 1.43345421e-04
1047 1.43265112e-04
1048 1.43215789e-04
1049 1.43052690e-04
1050 1.42999222e-04
1051 1.42944641e-04
1052 1.42885045e-04
1053 1.42819675e-04
1054 1.42747945e-04
1055 1.42669247e-04
1056 1.42582928e-04
1057 1.42488295e-04
1058 1.42384666e-04
1059 1.42271715e-04
1060 1.42152046e-04
1061 1.42054601e-04
1062 1.41985198e-04
1063 1.41933225e-04
1064 1.41812683e-04
1065 1.41759122e-04
1066 1.41704391e-04
1067 1.41644747e-04
1068 1.41579362e-04
1069 1.41507637e-04
1070 1.41428967e-04
1071 1.41342729e-04
1072 1.41248348e-04
1073 1.41145726e-04
1074 1.41038122e-04
1075 1.40955542e-04
1076 1.40882830e-04
1077 1.40822402e-04
1078 1.40791447e-04
1079 1.40645756e-04
1080 1.40588184e-04
1081 1.40532648e-04
1082 1.40472760e-04
1083 1.40407282e-04
1084 1.40335551e-04
1085 1.40257024e-04
1086 1.40171387e-04
1087 1.40079463e-04
1088 1.39988825e-04
1089 1.39954535e-04
1090 1.39866213e-04
1091 1.39803632e-04
1092 1.39770466e-04
1093 1.39617635e-04
1094 1.39566787e-04
1095 1.39516537e-04
1096 1.39461940e-04
1097 1.39402112e-04
1098 1.39336485e-04
1099 1.39264505e-04
1100 1.39185599e-04
1101 1.39099245e-04
1102 1.39005364e-04
1103 1.38906943e-04
1104 1.38830941e-04
1105 1.38762999e-04
1106 1.38705501e-04
1107 1.38671087e-04
1108 1.38546171e-04
1109 1.38494597e-04
1110 1.38443969e-04
1111 1.38389190e-04
1112 1.38329245e-04
1113 1.38263541e-04
1114 1.38191557e-04
1115 1.38112882e-04
1116 1.38027716e-04
1117 1.37939887e-04
1118 1.37878449e-04
1119 1.37805917e-04
1120 1.37744991e-04
1121 1.37695547e-04
1122 1.37683435e-04
1123 1.37535619e-04
1124 1.37479075e-04
1125 1.37427207e-04
1126 1.37372002e-04
1127 1.37311911e-04
1128 1.37246316e-04
1129 1.37175030e-04
1130 1.37099134e-04
1131 1.37026079e-04
1132 1.37002594e-04
1133 1.36910047e-04
1134 1.36845041e-04
1135 1.36792390e-04
1136 1.36763403e-04
1137 1.36639704e-04
1138 1.36592149e-04
1139 1.36545702e-04
1140 1.36495443e-04
1141 1.36440435e-04
1142 1.36380131e-04
1143 1.36314042e-04
1144 1.36241745e-04
1145 1.36163219e-04
1146 1.36080841e-04
1147 1.36013413e-04
1148 1.35949865e-04
1149 1.35892636e-04
1150 1.35840361e-04
1151 1.35806972e-04
1152 1.35706524e-04
1153 1.35658679e-04
1154 1.35611835e-04
1155 1.35561333e-04
1156 1.35506155e-04
1157 1.35445763e-04
1158 1.35379796e-04
1159 1.35308384e-04
1160 1.35234164e-04
1161 1.35175091e-04
1162 1.35110261e-04
1163 1.35054098e-04
1164 1.34999489e-04
1165 1.34949442e-04
1166 1.34923723e-04
1167 1.34821336e-04
1168 1.34771032e-04
1169 1.34723305e-04
1170 1.34672442e-04
1171 1.34617186e-04
1172 1.34557145e-04
1173 1.34492787e-04
1174 1.34427927e-04
1175 1.34384462e-04
1176 1.34311841e-04
1177 1.34256596e-04
1178 1.34203405e-04
1179 1.34150681e-04
1180 1.34104874e-04
1181 1.34096917e-04
1182 1.33980994e-04
1183 1.33925952e-04
1184 1.33876701e-04
1185 1.33825524e-04
1186 1.33770984e-04
1187 1.33713881e-04
1188 1.33659976e-04
1189 1.33638119e-04
1190 1.33547711e-04
1191 1.33492374e-04
1192 1.33441419e-04
1193 1.33389719e-04
1194 1.33338380e-04
1195 1.33297323e-04
1196 1.33227421e-04
1197 1.33184529e-04
1198 1.33141319e-04
1199 1.33094641e-04
1200 1.33043673e-04
1201 1.32987993e-04
1202 1.32927506e-04
1203 1.32863369e-04
1204 1.32803472e-04
1205 1.32799613e-04
1206 1.32719669e-04
1207 1.32667673e-04
1208 1.32635114e-04
1209 1.32531067e-04
1210 1.32496283e-04
1211 1.32460720e-04
1212 1.32421884e-04
1213 1.32379279e-04
1214 1.32332523e-04
1215 1.32281216e-04
1216 1.32224932e-04
1217 1.32163215e-04
1218 1.32095619e-04
1219 1.32021933e-04
1220 1.31943895e-04
1221 1.31880799e-04
1222 1.31835653e-04
1223 1.31802305e-04
1224 1.31722347e-04
1225 1.31687270e-04
1226 1.31651502e-04
1227 1.31612528e-04
1228 1.31569800e-04
1229 1.31522921e-04
1230 1.31471497e-04
1231 1.31415118e-04
1232 1.31353410e-04
1233 1.31286336e-04
1234 1.31216207e-04
1235 1.31164077e-04
1236 1.31116379e-04
1237 1.31077621e-04
1238 1.31060076e-04
1239 1.30959581e-04
1240 1.30921427e-04
1241 1.30884977e-04
1242 1.30845725e-04
1243 1.30802818e-04
1244 1.30755814e-04
1245 1.30704360e-04
1246 1.30648272e-04
1247 1.30588203e-04
1248 1.30529760e-04
1249 1.30513434e-04
1250 1.30453641e-04
1251 1.30413199e-04
1252 1.30395087e-04
1253 1.30285453e-04
1254 1.30251563e-04
1255 1.30218507e-04
1256 1.30182639e-04
1257 1.30143338e-04
1258 1.30100225e-04
1259 1.30052932e-04
1260 1.30001084e-04
1261 1.29944350e-04
1262 1.29882747e-04
1263 1.29818665e-04
1264 1.29773061e-04
1265 1.29727820e-04
1266 1.29691387e-04
1267 1.29673798e-04
1268 1.29581428e-04
1269 1.29546678e-04
1270 1.29513222e-04
1271 1.29477119e-04
1272 1.29437628e-04
1273 1.29394348e-04
1274 1.29346936e-04
1275 1.29295147e-04
1276 1.29239236e-04
1277 1.29182408e-04
1278 1.29148338e-04
1279 1.29098262e-04
1280 1.29058418e-04
1281 1.29028912e-04
1282 1.28959224e-04
1283 1.28929797e-04
1284 1.28899561e-04
1285 1.28866562e-04
1286 1.28830369e-04
1287 1.28790650e-04
1288 1.28747070e-04
1289 1.28699268e-04
1290 1.28646881e-04
1291 1.28589641e-04
1292 1.28528047e-04
1293 1.28468626e-04
1294 1.28429027e-04
1295 1.28389832e-04
1296 1.28353445e-04
1297 1.28333958e-04
1298 1.28263190e-04
1299 1.28227032e-04
1300 1.28192636e-04
1301 1.28156006e-04
1302 1.28116256e-04
1303 1.28073162e-04
1304 1.28027310e-04
1305 1.27982582e-04
1306 1.27961040e-04
1307 1.27902237e-04
1308 1.27860830e-04
1309 1.27822897e-04
1310 1.27787642e-04
1311 1.27763557e-04
1312 1.27700386e-04
1313 1.27668953e-04
1314 1.27637910e-04
1315 1.27604391e-04
1316 1.27567751e-04
1317 1.27527636e-04
1318 1.27483796e-04
1319 1.27436292e-04
1320 1.27386758e-04
1321 1.27346469e-04
1322 1.27304013e-04
1323 1.27266812e-04
1324 1.27230418e-04
1325 1.27196763e-04
1326 1.27178484e-04
1327 1.27112161e-04
1328 1.27078889e-04
1329 1.27047155e-04
1330 1.27013295e-04
1331 1.26976492e-04
1332 1.26936487e-04
1333 1.26893579e-04
1334 1.26850263e-04
1335 1.26820928e-04
1336 1.26772853e-04
1337 1.26736095e-04
1338 1.26700642e-04
1339 1.26665476e-04
1340 1.26634922e-04
1341 1.26629695e-04
1342 1.26552343e-04
1343 1.26515568e-04
1344 1.26482669e-04
1345 1.26448491e-04
1346 1.26412074e-04
1347 1.26373978e-04
1348 1.26338157e-04
1349 1.26324411e-04
1350 1.26263218e-04
1351 1.26226030e-04
1352 1.26191914e-04
1353 1.26157381e-04
1354 1.26123232e-04
1355 1.26096425e-04
1356 1.26048681e-04
1357 1.26019831e-04
1358 1.25990868e-04
1359 1.25959598e-04
1360 1.25925458e-04
1361 1.25888164e-04
1362 1.25847669e-04
1363 1.25804824e-04
1364 1.25765323e-04
1365 1.25730081e-04
1366 1.25698308e-04
1367 1.25665425e-04
1368 1.25630714e-04
1369 1.25595382e-04
1370 1.25566050e-04
1371 1.25524444e-04
1372 1.25495534e-04
1373 1.25466278e-04
1374 1.25434772e-04
1375 1.25400507e-04
1376 1.25363399e-04
1377 1.25324212e-04
1378 1.25287609e-04
1379 1.25281017e-04
1380 1.25225339e-04
1381 1.25188747e-04
1382 1.25158435e-04
1383 1.25136640e-04
1384 1.25080976e-04
1385 1.25057173e-04
1386 1.25032990e-04
1387 1.25006648e-04
1388 1.24977766e-04
1389 1.24946073e-04
1390 1.24911301e-04
1391 1.24873171e-04
1392 1.24831434e-04
1393 1.24786089e-04
1394 1.24738868e-04
1395 1.24705330e-04
1396 1.24672907e-04
1397 1.24647359e-04
1398 1.24637904e-04
1399 1.24565206e-04
1400 1.24538946e-04
1401 1.24514170e-04
1402 1.24487538e-04
1403 1.24458434e-04
1404 1.24426552e-04
1405 1.24391653e-04
1406 1.24353632e-04
1407 1.24313030e-04
1408 1.24274197e-04
1409 1.24268340e-04
1410 1.24226143e-04
1411 1.24199180e-04
1412 1.24189945e-04
1413 1.24107561e-04
1414 1.24084093e-04
1415 1.24061562e-04
1416 1.24037154e-04
1417 1.24010414e-04
1418 1.23981076e-04
1419 1.23948889e-04
1420 1.23913599e-04
1421 1.23874989e-04
1422 1.23833127e-04
1423 1.23790001e-04
1424 1.23762586e-04
1425 1.23731292e-04
1426 1.23707623e-04
1427 1.23699860e-04
1428 1.23628369e-04
1429 1.23603993e-04
1430 1.23581060e-04
1431 1.23556393e-04
1432 1.23529427e-04
1433 1.23499875e-04
1434 1.23467507e-04
1435 1.23432176e-04
1436 1.23394161e-04
1437 1.23356225e-04
1438 1.23338376e-04
1439 1.23302248e-04
1440 1.23275293e-04
1441 1.23257754e-04
1442 1.23202753e-04
1443 1.23182253e-04
1444 1.23161513e-04
1445 1.23138908e-04
1446 1.23114116e-04
1447 1.23086907e-04
1448 1.23057045e-04
1449 1.23024286e-04
1450 1.22988385e-04
1451 1.22949186e-04
1452 1.22907217e-04
1453 1.22868335e-04
1454 1.22840838e-04
1455 1.22814421e-04
1456 1.22791316e-04
1457 1.22784187e-04
1458 1.22726784e-04
1459 1.22700694e-04
1460 1.22676779e-04
1461 1.22651534e-04
1462 1.22624228e-04
1463 1.22594734e-04
1464 1.22563668e-04
1465 1.22534667e-04
1466 1.22528020e-04
1467 1.22481471e-04
1468 1.22451470e-04
1469 1.22425421e-04
1470 1.22402714e-04
1471 1.22391342e-04
1472 1.22338807e-04
1473 1.22316227e-04
1474 1.22294658e-04
1475 1.22271499e-04
1476 1.22246217e-04
1477 1.22218554e-04
1478 1.22188363e-04
1479 1.22155792e-04
1480 1.22122506e-04
1481 1.22099394e-04
1482 1.22067305e-04
1483 1.22041032e-04
1484 1.22016444e-04
1485 1.21995522e-04
1486 1.21990623e-04
1487 1.21933498e-04
1488 1.21908969e-04
1489 1.21886685e-04
1490 1.21863168e-04
1491 1.21837706e-04
1492 1.21810133e-04
1493 1.21780847e-04
1494 1.21752433e-04
1495 1.21739310e-04
1496 1.21700397e-04
1497 1.21673534e-04
1498 1.21648909e-04
1499 1.21625631e-04
1500 1.21608174e-04
1501 1.21570336e-04
1502 1.21550533e-04
1503 1.21530666e-04
1504 1.21509142e-04
1505 1.21485584e-04
1506 1.21459767e-04
1507 1.21431504e-04
1508 1.21400729e-04
1509 1.21367990e-04
1510 1.21337585e-04
1511 1.21312661e-04
1512 1.21289134e-04
1513 1.21264982e-04
1514 1.21240644e-04
1515 1.21220138e-04
1516 1.21189693e-04
1517 1.21169937e-04
1518 1.21149822e-04
1519 1.21128043e-04
1520 1.21104240e-04
1521 1.21078212e-04
1522 1.21049899e-04
1523 1.21019771e-04
1524 1.20991186e-04
1525 1.20986411e-04
1526 1.20950505e-04
1527 1.20926388e-04
1528 1.20910568e-04
1529 1.20864204e-04
1530 1.20847946e-04
1531 1.20831255e-04
1532 1.20813016e-04
1533 1.20793001e-04
1534 1.20771025e-04
1535 1.20746901e-04
1536 1.20720424e-04
1537 1.20691376e-04
1538 1.20659542e-04
1539 1.20624819e-04
1540 1.20588029e-04
1541 1.20558367e-04
1542 1.20537143e-04
1543 1.20521633e-04
1544 1.20483441e-04
1545 1.20466815e-04
1546 1.20449890e-04
1547 1.20431448e-04
1548 1.20411221e-04
1549 1.20389022e-04
1550 1.20364659e-04
1551 1.20337936e-04
1552 1.20308676e-04
1553 1.20276876e-04
1554 1.20243750e-04
1555 1.20220254e-04
1556 1.20197528e-04
1557 1.20179662e-04
1558 1.20173233e-04
1559 1.20121855e-04
1560 1.20103361e-04
1561 1.20085937e-04
1562 1.20067211e-04
1563 1.20046744e-04
1564 1.20024318e-04
1565 1.19999766e-04
1566 1.19973016e-04
1567 1.19944469e-04
1568 1.19917310e-04
1569 1.19914388e-04
1570 1.19884345e-04
1571 1.19865514e-04
1572 1.19859836e-04
1573 1.19799740e-04
1574 1.19783066e-04
1575 1.19767154e-04
1576 1.19749924e-04
1577 1.19731047e-04
1578 1.19710331e-04
1579 1.19687599e-04
1580 1.19662670e-04
1581 1.19635392e-04
1582 1.19605833e-04
1583 1.19575526e-04
1584 1.19557459e-04
1585 1.19535176e-04
1586 1.19518882e-04
1587 1.19515015e-04
1588 1.19461188e-04
1589 1.19443659e-04
1590 1.19427368e-04
1591 1.19409875e-04
1592 1.19390755e-04
1593 1.19369801e-04
1594 1.19346848e-04
1595 1.19321801e-04
1596 1.19294904e-04
1597 1.19268371e-04
1598 1.19258115e-04
1599 1.19231639e-04
1600 1.19212642e-04
1601 1.19201410e-04
1602 1.19158965e-04
1603 1.19144218e-04
1604 1.19129445e-04
1605 1.19113357e-04
1606 1.19095711e-04
1607 1.19076340e-04
1608 1.19055077e-04
1609 1.19031745e-04
1610 1.19006171e-04
1611 1.18978259e-04
1612 1.18948480e-04
1613 1.18921725e-04
1614 1.18901948e-04
1615 1.18883358e-04
1616 1.18867865e-04
1617 1.18866112e-04
1618 1.18820453e-04
1619 1.18801145e-04
1620 1.18783904e-04
1621 1.18765822e-04
1622 1.18746311e-04
1623 1.18725296e-04
1624 1.18703337e-04
1625 1.18683583e-04
1626 1.18683460e-04
1627 1.18646715e-04
1628 1.18624389e-04
1629 1.18605780e-04
1630 1.18590434e-04
1631 1.18585343e-04
1632 1.18542431e-04
1633 1.18525698e-04
1634 1.18510125e-04
1635 1.18493480e-04
1636 1.18475327e-04
1637 1.18455473e-04
1638 1.18433827e-04
1639 1.18410563e-04
1640 1.18387207e-04
1641 1.18373514e-04
1642 1.18348742e-04
1643 1.18329498e-04
1644 1.18312170e-04
1645 1.18298603e-04
1646 1.18270545e-04
1647 1.18256790e-04
1648 1.18242735e-04
1649 1.18227425e-04
1650 1.18210636e-04
1651 1.18192209e-04
1652 1.18171988e-04
1653 1.18149817e-04
1654 1.18125588e-04
1655 1.18099513e-04
1656 1.18074018e-04
1657 1.18069809e-04
1658 1.18051676e-04
1659 1.18045861e-04
1660 1.17991326e-04
1661 1.17977900e-04
1662 1.17964888e-04
1663 1.17950744e-04
1664 1.17935232e-04
1665 1.17918201e-04
1666 1.17899503e-04
1667 1.17878980e-04
1668 1.17856471e-04
1669 1.17831852e-04
1670 1.17805292e-04
1671 1.17779205e-04
1672 1.17776443e-04
1673 1.17764321e-04
1674 1.17715225e-04
1675 1.17703638e-04
1676 1.17691718e-04
1677 1.17678668e-04
1678 1.17664337e-04
1679 1.17648598e-04
1680 1.17631313e-04
1681 1.17612333e-04
1682 1.17591497e-04
1683 1.17568630e-04
1684 1.17543550e-04
1685 1.17516127e-04
1686 1.17486740e-04
1687 1.17461055e-04
1688 1.17446054e-04
1689 1.17436910e-04
1690 1.17405809e-04
1691 1.17392002e-04
1692 1.17378497e-04
1693 1.17363910e-04
1694 1.17347950e-04
1695 1.17330455e-04
1696 1.17311297e-04
1697 1.17290422e-04
1698 1.17268174e-04
1699 1.17247255e-04
1700 1.17230372e-04
1701 1.17214370e-04
1702 1.17197829e-04
1703 1.17180884e-04
1704 1.17165614e-04
1705 1.17161930e-04
1706 1.17129251e-04
1707 1.17111767e-04
1708 1.17096020e-04
1709 1.17079862e-04
1710 1.17063099e-04
1711 1.17046965e-04
1712 1.17037522e-04
1713 1.17011256e-04
1714 1.16995764e-04
1715 1.16980936e-04
1716 1.16965252e-04
1717 1.16948411e-04
1718 1.16930635e-04
1719 1.16913504e-04
1720 1.16905154e-04
1721 1.16879323e-04
1722 1.16862574e-04
1723 1.16846926e-04
1724 1.16831057e-04
1725 1.16815525e-04
1726 1.16804137e-04
1727 1.16780853e-04
1728 1.16767211e-04
1729 1.16753685e-04
1730 1.16739128e-04
1731 1.16723253e-04
1732 1.16705941e-04
1733 1.16687246e-04
1734 1.16667928e-04
1735 1.16652579e-04
1736 1.16633895e-04
1737 1.16618495e-04
1738 1.16603164e-04
1739 1.16587559e-04
1740 1.16573098e-04
1741 1.16566692e-04
1742 1.16538351e-04
1743 1.16523222e-04
1744 1.16509110e-04
1745 1.16494264e-04
1746 1.16478336e-04
1747 1.16461496e-04
1748 1.16445103e-04
1749 1.16436109e-04
1750 1.16412347e-04
1751 1.16396738e-04
1752 1.16381959e-04
1753 1.16366770e-04
1754 1.16351452e-04
1755 1.16338542e-04
1756 1.16319389e-04
1757 1.16306937e-04
1758 1.16294254e-04
1759 1.16280519e-04
1760 1.16265501e-04
1761 1.16249074e-04
1762 1.16231200e-04
1763 1.16212187e-04
1764 1.16194228e-04
1765 1.16191871e-04
1766 1.16168916e-04
1767 1.16153671e-04
1768 1.16143937e-04
1769 1.16113728e-04
1770 1.16103384e-04
1771 1.16092795e-04
1772 1.16081224e-04
1773 1.16068521e-04
1774 1.16054570e-04
1775 1.16039247e-04
1776 1.16022423e-04
1777 1.16003956e-04
1778 1.15983708e-04
1779 1.15961621e-04
1780 1.15938277e-04
1781 1.15920103e-04
1782 1.15906709e-04
1783 1.15897460e-04
1784 1.15871565e-04
1785 1.15860855e-04
1786 1.15850030e-04
1787 1.15838242e-04
1788 1.15825310e-04
1789 1.15811112e-04
1790 1.15795524e-04
1791 1.15778419e-04
1792 1.15759686e-04
1793 1.15739341e-04
1794 1.15718300e-04
1795 1.15704649e-04
1796 1.15689958e-04
1797 1.15679049e-04
1798 1.15676872e-04
1799 1.15640145e-04
1800 1.15627930e-04
1801 1.15616667e-04
1802 1.15604600e-04
1803 1.15591417e-04
1804 1.15576971e-04
1805 1.15561156e-04
1806 1.15543941e-04
1807 1.15525663e-04
1808 1.15508812e-04
1809 1.15494437e-04
1810 1.15481087e-04
1811 1.15467344e-04
1812 1.15453237e-04
1813 1.15440316e-04
1814 1.15435981e-04
1815 1.15409866e-04
1816 1.15395682e-04
1817 1.15382709e-04
1818 1.15369266e-04
1819 1.15355130e-04
1820 1.15340978e-04
1821 1.15330299e-04
1822 1.15311702e-04
1823 1.15299476e-04
1824 1.15287330e-04
1825 1.15274324e-04
1826 1.15260232e-04
1827 1.15245092e-04
1828 1.15229551e-04
1829 1.15217150e-04
1830 1.15200599e-04
1831 1.15187843e-04
1832 1.15175056e-04
1833 1.15161550e-04
1834 1.15147426e-04
1835 1.15133953e-04
1836 1.15127355e-04
1837 1.15105080e-04
1838 1.15091597e-04
1839 1.15078948e-04
1840 1.15065815e-04
1841 1.15052125e-04
1842 1.15038902e-04
1843 1.15031165e-04
1844 1.15010120e-04
1845 1.14997448e-04
1846 1.14985323e-04
1847 1.14972527e-04
1848 1.14958842e-04
1849 1.14944561e-04
1850 1.14931462e-04
1851 1.14928654e-04
1852 1.14904284e-04
1853 1.14889759e-04
1854 1.14876849e-04
1855 1.14864272e-04
1856 1.14853001e-04
1857 1.14848543e-04
1858 1.14822938e-04
1859 1.14810763e-04
1860 1.14799448e-04
1861 1.14787461e-04
1862 1.14774474e-04
1863 1.14760425e-04
1864 1.14745587e-04
1865 1.14731616e-04
1866 1.14727817e-04
1867 1.14706140e-04
1868 1.14691942e-04
1869 1.14679514e-04
1870 1.14668619e-04
1871 1.14663058e-04
1872 1.14638183e-04
1873 1.14627368e-04
1874 1.14617018e-04
1875 1.14605898e-04
1876 1.14593751e-04
1877 1.14580451e-04
1878 1.14565927e-04
1879 1.14550255e-04
1880 1.14534271e-04
1881 1.14523459e-04
1882 1.14507807e-04
1883 1.14495090e-04
1884 1.14483277e-04
1885 1.14473422e-04
1886 1.14471954e-04
1887 1.14443056e-04
1888 1.14430975e-04
1889 1.14420117e-04
1890 1.14408685e-04
1891 1.14396314e-04
1892 1.14382928e-04
1893 1.14368753e-04
1894 1.14355212e-04
1895 1.14350207e-04
1896 1.14330197e-04
1897 1.14316826e-04
1898 1.14304806e-04
1899 1.14293693e-04
1900 1.14286044e-04
1901 1.14265972e-04
1902 1.14256109e-04
1903 1.14246338e-04
1904 1.14235768e-04
1905 1.14224198e-04
1906 1.14211514e-04
1907 1.14197624e-04
1908 1.14182512e-04
1909 1.14166527e-04
1910 1.14152275e-04
1911 1.14139531e-04
1912 1.14127816e-04
1913 1.14115958e-04
1914 1.14104263e-04
1915 1.14095245e-04
1916 1.14078494e-04
1917 1.14068480e-04
1918 1.14058455e-04
1919 1.14047632e-04
1920 1.14035809e-04
1921 1.14022887e-04
1922 1.14008855e-04
1923 1.13994055e-04
1924 1.13980709e-04
1925 1.13968138e-04
1926 1.13956987e-04
1927 1.13945513e-04
1928 1.13933458e-04
1929 1.13921334e-04
1930 1.13911870e-04
1931 1.13896306e-04
1932 1.13885996e-04
1933 1.13875685e-04
1934 1.13864609e-04
1935 1.13852574e-04
1936 1.13839566e-04
1937 1.13825942e-04
1938 1.13813771e-04
1939 1.13801089e-04
1940 1.13790557e-04
1941 1.13779719e-04
1942 1.13768111e-04
1943 1.13755718e-04
1944 1.13743087e-04
1945 1.13733078e-04
1946 1.13718542e-04
1947 1.13707991e-04
1948 1.13697418e-04
1949 1.13686140e-04
1950 1.13674044e-04
1951 1.13661441e-04
1952 1.13650100e-04
1953 1.13649337e-04
1954 1.13627197e-04
1955 1.13614095e-04
1956 1.13602804e-04
1957 1.13592386e-04
1958 1.13584684e-04
1959 1.13566901e-04
1960 1.13558082e-04
1961 1.13549215e-04
1962 1.13539590e-04
1963 1.13529041e-04
1964 1.13517464e-04
1965 1.13504766e-04
1966 1.13490876e-04
1967 1.13475863e-04
1968 1.13460632e-04
1969 1.13452049e-04
1970 1.13438772e-04
1971 1.13428469e-04
1972 1.13421760e-04
1973 1.13400538e-04
1974 1.13392370e-04
1975 1.13384141e-04
1976 1.13375176e-04
1977 1.13365338e-04
1978 1.13354533e-04
1979 1.13342664e-04
1980 1.13329633e-04
1981 1.13315346e-04
1982 1.13299777e-04
1983 1.13283381e-04
1984 1.13270419e-04
1985 1.13259225e-04
1986 1.13249651e-04
1987 1.13243867e-04
1988 1.13223261e-04
1989 1.13214610e-04
1990 1.13206110e-04
1991 1.13196905e-04
1992 1.13186822e-04
1993 1.13175756e-04
1994 1.13163617e-04
1995 1.13150334e-04
1996 1.13135954e-04
1997 1.13121232e-04
1998 1.13111861e-04
1999 1.13099241e-04
2000 1.13089000e-04
2001 1.13081267e-04
2002 1.13063732e-04
2003 1.13056113e-04
2004 1.13048267e-04
2005 1.13039697e-04
2006 1.13030287e-04
2007 1.13019950e-04
2008 1.13008593e-04
2009 1.12996120e-04
2010 1.12982432e-04
2011 1.12967456e-04
2012 1.12951340e-04
2013 1.12935980e-04
2014 1.12925543e-04
2015 1.12915315e-04
2016 1.12906051e-04
2017 1.12902035e-04
2018 1.12881838e-04
2019 1.12872030e-04
2020 1.12862857e-04
2021 1.12853124e-04
2022 1.12842572e-04
2023 1.12831147e-04
2024 1.12819062e-04
2025 1.12807626e-04
2026 1.12804212e-04
2027 1.12786833e-04
2028 1.12775340e-04
2029 1.12765226e-04
2030 1.12756313e-04
2031 1.12751650e-04
2032 1.12731632e-04
2033 1.12722836e-04
2034 1.12714399e-04
2035 1.12705330e-04
2036 1.12695420e-04
2037 1.12684566e-04
2038 1.12672709e-04
2039 1.12659911e-04
2040 1.12646853e-04
2041 1.12638023e-04
2042 1.12625237e-04
2043 1.12614843e-04
2044 1.12605193e-04
2045 1.12597163e-04
2046 1.12596073e-04
2047 1.12572285e-04
2048 1.12562368e-04
2049 1.12553468e-04
2050 1.12544101e-04
2051 1.12533964e-04
2052 1.12522995e-04
2053 1.12511387e-04
2054 1.12500338e-04
2055 1.12496507e-04
2056 1.12479888e-04
2057 1.12468862e-04
2058 1.12458996e-04
2059 1.12449928e-04
2060 1.12443841e-04
2061 1.12427008e-04
2062 1.12418864e-04
2063 1.12410821e-04
2064 1.12402125e-04
2065 1.12392606e-04
2066 1.12382167e-04
2067 1.12370735e-04
2068 1.12358298e-04
2069 1.12345167e-04
2070 1.12333609e-04
2071 1.12322993e-04
2072 1.12313309e-04
2073 1.12303550e-04
2074 1.12293993e-04
2075 1.12286852e-04
2076 1.12272583e-04
2077 1.12264255e-04
2078 1.12255961e-04
2079 1.12247017e-04
2080 1.12237247e-04
2081 1.12226570e-04
2082 1.12214983e-04
2083 1.12202798e-04
2084 1.12192013e-04
2085 1.12181406e-04
2086 1.12172124e-04
2087 1.12162620e-04
2088 1.12152670e-04
2089 1.12142749e-04
2090 1.12135334e-04
2091 1.12121890e-04
2092 1.12113249e-04
2093 1.12104674e-04
2094 1.12095480e-04
2095 1.12085498e-04
2096 1.12074725e-04
2097 1.12063498e-04
2098 1.12053732e-04
2099 1.12042856e-04
2100 1.12034027e-04
2101 1.12024999e-04
2102 1.12015355e-04
2103 1.12005090e-04
2104 1.11994727e-04
2105 1.11986946e-04
2106 1.11974250e-04
2107 1.11965342e-04
2108 1.11956506e-04
2109 1.11947111e-04
2110 1.11937063e-04
2111 1.11926671e-04
2112 1.11917617e-04
2113 1.11906632e-04
2114 1.11898359e-04
2115 1.11889894e-04
2116 1.11880764e-04
2117 1.11870842e-04
2118 1.11860151e-04
2119 1.11849114e-04
2120 1.11840106e-04
2121 1.11828841e-04
2122 1.11819908e-04
2123 1.11810910e-04
2124 1.11801419e-04
2125 1.11791570e-04
2126 1.11782492e-04
2127 1.11779710e-04
2128 1.11762308e-04
2129 1.11752348e-04
2130 1.11743299e-04
2131 1.11734075e-04
2132 1.11724720e-04
2133 1.11716488e-04
2134 1.11715313e-04
2135 1.11695758e-04
2136 1.11685803e-04
2137 1.11676948e-04
2138 1.11667865e-04
2139 1.11658396e-04
2140 1.11649116e-04
2141 1.11642916e-04
2142 1.11629065e-04
2143 1.11620561e-04
2144 1.11612273e-04
2145 1.11603443e-04
2146 1.11593901e-04
2147 1.11583699e-04
2148 1.11573408e-04
2149 1.11566062e-04
2150 1.11553771e-04
2151 1.11544853e-04
2152 1.11536093e-04
2153 1.11526930e-04
2154 1.11517476e-04
2155 1.11508862e-04
2156 1.11506555e-04
2157 1.11489039e-04
2158 1.11479343e-04
2159 1.11470578e-04
2160 1.11461616e-04
2161 1.11452420e-04
2162 1.11443940e-04
2163 1.11440716e-04
2164 1.11423890e-04
2165 1.11414747e-04
2166 1.11406313e-04
2167 1.11397519e-04
2168 1.11388192e-04
2169 1.11378633e-04
2170 1.11370519e-04
2171 1.11359644e-04
2172 1.11351889e-04
2173 1.11343998e-04
2174 1.11335482e-04
2175 1.11326206e-04
2176 1.11316146e-04
2177 1.11305513e-04
2178 1.11295602e-04
2179 1.11294098e-04
2180 1.11278835e-04
2181 1.11268840e-04
2182 1.11260643e-04
2183 1.11254984e-04
2184 1.11239110e-04
2185 1.11232521e-04
2186 1.11225862e-04
2187 1.11218607e-04
2188 1.11210644e-04
2189 1.11201896e-04
2190 1.11192285e-04
2191 1.11181731e-04
2192 1.11170164e-04
2193 1.11157599e-04
2194 1.11144637e-04
2195 1.11136590e-04
2196 1.11127482e-04
2197 1.11120917e-04
2198 1.11120232e-04
2199 1.11096235e-04
2200 1.11088531e-04
2201 1.11081507e-04
2202 1.11073993e-04
2203 1.11065783e-04
2204 1.11056784e-04
2205 1.11046928e-04
2206 1.11036203e-04
2207 1.11024854e-04
2208 1.11014646e-04
2209 1.11005444e-04
2210 1.10997038e-04
2211 1.10988451e-04
2212 1.10979721e-04
2213 1.10971981e-04
2214 1.10970614e-04
2215 1.10952725e-04
2216 1.10943515e-04
2217 1.10935282e-04
2218 1.10926823e-04
2219 1.10917993e-04
2220 1.10909315e-04
2221 1.10903427e-04
2222 1.10890663e-04
2223 1.10882760e-04
2224 1.10875041e-04
2225 1.10866811e-04
2226 1.10857914e-04
2227 1.10848396e-04
2228 1.10838782e-04
2229 1.10831860e-04
2230 1.10820468e-04
2231 1.10812164e-04
2232 1.10803996e-04
2233 1.10795445e-04
2234 1.10786616e-04
2235 1.10778555e-04
2236 1.10776322e-04
2237 1.10760064e-04
2238 1.10751030e-04
2239 1.10742850e-04
2240 1.10734482e-04
2241 1.10725892e-04
2242 1.10717964e-04
2243 1.10714930e-04
2244 1.10699245e-04
2245 1.10690707e-04
2246 1.10682827e-04
2247 1.10674609e-04
2248 1.10665892e-04
2249 1.10656961e-04
2250 1.10649385e-04
2251 1.10639207e-04
2252 1.10631954e-04
2253 1.10624574e-04
2254 1.10616609e-04
2255 1.10607933e-04
2256 1.10598525e-04
2257 1.10588582e-04
2258 1.10579331e-04
2259 1.10578041e-04
2260 1.10563689e-04
2261 1.10554320e-04
2262 1.10546662e-04
2263 1.10541422e-04
2264 1.10526430e-04
2265 1.10520251e-04
2266 1.10514014e-04
2267 1.10507218e-04
2268 1.10499760e-04
2269 1.10491565e-04
2270 1.10482561e-04
2271 1.10472673e-04
2272 1.10461835e-04
2273 1.10450062e-04
2274 1.10437936e-04
2275 1.10430560e-04
2276 1.10422012e-04
2277 1.10415928e-04
2278 1.10415531e-04
2279 1.10392569e-04
2280 1.10385302e-04
2281 1.10378706e-04
2282 1.10371654e-04
2283 1.10363951e-04
2284 1.10355506e-04
2285 1.10346258e-04
2286 1.10336197e-04
2287 1.10325563e-04
2288 1.10316078e-04
2289 1.10307373e-04
2290 1.10299464e-04
2291 1.10291405e-04
2292 1.10283238e-04
2293 1.10276074e-04
2294 1.10275180e-04
2295 1.10257940e-04
2296 1.10249200e-04
2297 1.10241442e-04
2298 1.10233492e-04
2299 1.10225213e-04
2300 1.10217122e-04
2301 1.10211821e-04
2302 1.10199533e-04
2303 1.10192052e-04
2304 1.10184780e-04
2305 1.10177038e-04
2306 1.10168674e-04
2307 1.10159739e-04
2308 1.10150757e-04
2309 1.10144497e-04
2310 1.10133537e-04
2311 1.10125668e-04
2312 1.10117968e-04
2313 1.10109928e-04
2314 1.10101658e-04
2315 1.10094206e-04
2316 1.10092626e-04
2317 1.10076769e-04
2318 1.10068147e-04
2319 1.10060415e-04
2320 1.10052537e-04
2321 1.10044488e-04
2322 1.10037158e-04
2323 1.10034803e-04
2324 1.10019442e-04
2325 1.10011286e-04
2326 1.10003832e-04
2327 1.09996083e-04
2328 1.09987885e-04
2329 1.09979528e-04
2330 1.09972607e-04
2331 1.09962728e-04
2332 1.09955841e-04
2333 1.09948868e-04
2334 1.09941353e-04
2335 1.09933173e-04
2336 1.09924309e-04
2337 1.09914971e-04
2338 1.09906414e-04
2339 1.09906049e-04
2340 1.09891962e-04
2341 1.09882996e-04
2342 1.09875831e-04
2343 1.09871202e-04
2344 1.09856279e-04
2345 1.09850399e-04
2346 1.09844503e-04
2347 1.09838084e-04
2348 1.09831038e-04
2349 1.09823297e-04
2350 1.09814791e-04
2351 1.09805449e-04
2352 1.09795211e-04
2353 1.09784102e-04
2354 1.09772729e-04
2355 1.09766384e-04
2356 1.09758254e-04
2357 1.09752745e-04
2358 1.09737882e-04
2359 1.09732559e-04
2360 1.09727053e-04
2361 1.09721025e-04
2362 1.09714402e-04
2363 1.09707122e-04
2364 1.09699119e-04
2365 1.09690321e-04
2366 1.09680654e-04
2367 1.09670036e-04
2368 1.09658409e-04
2369 1.09645910e-04
2370 1.09634450e-04
2371 1.09627010e-04
2372 1.09620422e-04
2373 1.09617366e-04
2374 1.09602144e-04
2375 1.09595330e-04
2376 1.09588885e-04
2377 1.09581987e-04
2378 1.09574464e-04
2379 1.09566241e-04
2380 1.09557305e-04
2381 1.09547854e-04
2382 1.09539168e-04
2383 1.09531148e-04
2384 1.09524036e-04
2385 1.09516667e-04
2386 1.09508831e-04
2387 1.09500682e-04
2388 1.09493232e-04
2389 1.09491553e-04
2390 1.09477089e-04
2391 1.09468710e-04
2392 1.09461211e-04
2393 1.09453736e-04
2394 1.09446543e-04
2395 1.09441604e-04
2396 1.09429774e-04
2397 1.09423239e-04
2398 1.09416814e-04
2399 1.09409902e-04
2400 1.09402357e-04
2401 1.09394116e-04
2402 1.09385188e-04
2403 1.09375870e-04
2404 1.09368005e-04
2405 1.09359415e-04
2406 1.09352133e-04
2407 1.09344763e-04
2408 1.09337120e-04
2409 1.09329658e-04
2410 1.09324711e-04
2411 1.09313263e-04
2412 1.09306384e-04
2413 1.09299682e-04
2414 1.09292530e-04
2415 1.09284784e-04
2416 1.09276454e-04
2417 1.09267882e-04
2418 1.09260930e-04
2419 1.09251823e-04
2420 1.09244802e-04
2421 1.09237733e-04
2422 1.09230231e-04
2423 1.09222309e-04
2424 1.09214501e-04
2425 1.09209472e-04
2426 1.09198425e-04
2427 1.09191235e-04
2428 1.09184272e-04
2429 1.09176930e-04
2430 1.09169136e-04
2431 1.09161222e-04
2432 1.09154916e-04
2433 1.09145381e-04
2434 1.09138730e-04
2435 1.09132052e-04
2436 1.09124888e-04
2437 1.09117127e-04
2438 1.09108813e-04
2439 1.09100412e-04
2440 1.09094423e-04
2441 1.09084571e-04
2442 1.09077315e-04
2443 1.09070192e-04
2444 1.09062780e-04
2445 1.09055246e-04
2446 1.09048821e-04
2447 1.09039735e-04
2448 1.09033625e-04
2449 1.09027388e-04
2450 1.09020631e-04
2451 1.09013240e-04
2452 1.09005157e-04
2453 1.08996381e-04
2454 1.08987159e-04
2455 1.08979103e-04
2456 1.08971052e-04
2457 1.08964003e-04
2458 1.08956819e-04
2459 1.08949371e-04
2460 1.08942177e-04
2461 1.08937812e-04
2462 1.08926176e-04
2463 1.08919317e-04
2464 1.08912716e-04
2465 1.08905706e-04
2466 1.08898146e-04
2467 1.08890093e-04
2468 1.08882076e-04
2469 1.08876877e-04
2470 1.08866507e-04
2471 1.08859277e-04
2472 1.08852279e-04
2473 1.08845012e-04
2474 1.08837595e-04
2475 1.08831097e-04
2476 1.08830644e-04
2477 1.08815243e-04
2478 1.08807208e-04
2479 1.08800143e-04
2480 1.08793007e-04
2481 1.08785784e-04
2482 1.08779396e-04
2483 1.08778216e-04
2484 1.08763172e-04
2485 1.08755558e-04
2486 1.08748738e-04
2487 1.08741698e-04
2488 1.08734287e-04
2489 1.08726818e-04
2490 1.08720957e-04
2491 1.08711438e-04
2492 1.08705087e-04
2493 1.08698727e-04
2494 1.08691890e-04
2495 1.08684457e-04
2496 1.08676420e-04
2497 1.08668010e-04
2498 1.08660560e-04
2499 1.08652625e-04
2500 1.08646072e-04
2501 1.08639341e-04
2502 1.08632136e-04
2503 1.08624452e-04
2504 1.08616662e-04
2505 1.08610699e-04
2506 1.08601367e-04
2507 1.08594727e-04
2508 1.08588114e-04
2509 1.08581074e-04
2510 1.08573537e-04
2511 1.08565732e-04
2512 1.08558912e-04
2513 1.08550701e-04
2514 1.08544490e-04
2515 1.08538127e-04
2516 1.08531262e-04
2517 1.08523799e-04
2518 1.08515756e-04
2519 1.08507459e-04
2520 1.08500744e-04
2521 1.08492196e-04
2522 1.08485443e-04
2523 1.08478652e-04
2524 1.08471495e-04
2525 1.08464084e-04
2526 1.08457320e-04
2527 1.08455600e-04
2528 1.08442076e-04
2529 1.08434455e-04
2530 1.08427584e-04
2531 1.08420610e-04
2532 1.08413577e-04
2533 1.08407518e-04
2534 1.08407310e-04
2535 1.08391738e-04
2536 1.08384031e-04
2537 1.08377267e-04
2538 1.08370368e-04
2539 1.08363212e-04
2540 1.08356293e-04
2541 1.08352070e-04
2542 1.08340933e-04
2543 1.08334350e-04
2544 1.08328008e-04
2545 1.08321274e-04
2546 1.08314009e-04
2547 1.08306270e-04
2548 1.08298565e-04
2549 1.08293569e-04
2550 1.08283604e-04
2551 1.08276654e-04
2552 1.08269927e-04
2553 1.08262943e-04
2554 1.08255815e-04
2555 1.08249580e-04
2556 1.08249195e-04
2557 1.08234339e-04
2558 1.08226601e-04
2559 1.08219803e-04
2560 1.08212941e-04
2561 1.08206001e-04
2562 1.08199881e-04
2563 1.08198836e-04
2564 1.08184265e-04
2565 1.08176920e-04
2566 1.08170353e-04
2567 1.08163579e-04
2568 1.08156452e-04
2569 1.08149280e-04
2570 1.08143695e-04
2571 1.08134465e-04
2572 1.08128341e-04
2573 1.08122215e-04
2574 1.08115633e-04
2575 1.08108479e-04
2576 1.08100745e-04
2577 1.08092662e-04
2578 1.08085544e-04
2579 1.08077849e-04
2580 1.08071527e-04
2581 1.08065041e-04
2582 1.08058103e-04
2583 1.08050710e-04
2584 1.08043234e-04
2585 1.08037591e-04
2586 1.08028493e-04
2587 1.08022073e-04
2588 1.08015696e-04
2589 1.08008913e-04
2590 1.08001658e-04
2591 1.07994160e-04
2592 1.07987672e-04
2593 1.07979660e-04
2594 1.07973654e-04
2595 1.07967517e-04
2596 1.07960899e-04
2597 1.07953707e-04
2598 1.07945962e-04
2599 1.07937994e-04
2600 1.07931648e-04
2601 1.07923289e-04
2602 1.07916749e-04
2603 1.07910195e-04
2604 1.07903300e-04
2605 1.07896180e-04
2606 1.07889747e-04
2607 1.07888443e-04
2608 1.07875039e-04
2609 1.07867609e-04
2610 1.07860963e-04
2611 1.07854241e-04
2612 1.07847493e-04
2613 1.07841771e-04
2614 1.07833142e-04
2615 1.07827666e-04
2616 1.07822070e-04
2617 1.07815994e-04
2618 1.07809336e-04
2619 1.07802036e-04
2620 1.07794052e-04
2621 1.07785428e-04
2622 1.07776654e-04
2623 1.07771080e-04
2624 1.07762585e-04
2625 1.07755727e-04
2626 1.07749656e-04
2627 1.07745574e-04
2628 1.07733806e-04
2629 1.07728494e-04
2630 1.07723211e-04
2631 1.07717477e-04
2632 1.07711190e-04
2633 1.07704284e-04
2634 1.07696702e-04
2635 1.07688396e-04
2636 1.07679388e-04
2637 1.07670121e-04
2638 1.07663983e-04
2639 1.07656188e-04
2640 1.07649774e-04
2641 1.07644856e-04
2642 1.07644789e-04
2643 1.07627072e-04
2644 1.07620731e-04
2645 1.07615072e-04
2646 1.07609077e-04
2647 1.07602552e-04
2648 1.07595427e-04
2649 1.07587694e-04
2650 1.07579543e-04
2651 1.07572161e-04
2652 1.07565006e-04
2653 1.07558793e-04
2654 1.07552378e-04
2655 1.07545549e-04
2656 1.07538404e-04
2657 1.07531692e-04
2658 1.07529149e-04
2659 1.07517416e-04
2660 1.07510357e-04
2661 1.07503870e-04
2662 1.07497267e-04
2663 1.07490652e-04
2664 1.07485171e-04
2665 1.07476517e-04
2666 1.07471065e-04
2667 1.07465524e-04
2668 1.07459518e-04
2669 1.07452942e-04
2670 1.07445737e-04
2671 1.07437876e-04
2672 1.07429458e-04
2673 1.07421255e-04
2674 1.07418429e-04
2675 1.07408922e-04
2676 1.07402114e-04
2677 1.07397011e-04
2678 1.07395965e-04
2679 1.07378913e-04
2680 1.07373164e-04
2681 1.07367859e-04
2682 1.07362172e-04
2683 1.07355954e-04
2684 1.07349133e-04
2685 1.07341659e-04
2686 1.07333519e-04
2687 1.07324891e-04
2688 1.07317078e-04
2689 1.07310135e-04
2690 1.07303758e-04
2691 1.07297230e-04
2692 1.07290586e-04
2693 1.07284688e-04
2694 1.07283642e-04
2695 1.07270057e-04
2696 1.07263035e-04
2697 1.07256756e-04
2698 1.07250306e-04
2699 1.07243578e-04
2700 1.07236988e-04
2701 1.07232628e-04
2702 1.07222722e-04
2703 1.07216649e-04
2704 1.07210736e-04
2705 1.07204437e-04
2706 1.07197631e-04
2707 1.07190360e-04
2708 1.07183060e-04
2709 1.07178035e-04
2710 1.07169043e-04
2711 1.07162611e-04
2712 1.07156328e-04
2713 1.07149776e-04
2714 1.07143052e-04
2715 1.07137056e-04
2716 1.07136116e-04
2717 1.07122820e-04
2718 1.07115695e-04
2719 1.07109356e-04
2720 1.07102921e-04
2721 1.07096377e-04
2722 1.07090516e-04
2723 1.07089093e-04
2724 1.07075955e-04
2725 1.07069163e-04
2726 1.07063027e-04
2727 1.07056676e-04
2728 1.07049978e-04
2729 1.07043205e-04
2730 1.07037816e-04
2731 1.07029351e-04
2732 1.07023634e-04
2733 1.07017893e-04
2734 1.07011716e-04
2735 1.07004999e-04
2736 1.06997732e-04
2737 1.06990122e-04
2738 1.06983357e-04
2739 1.06976214e-04
2740 1.06970294e-04
2741 1.06964207e-04
2742 1.06957689e-04
2743 1.06950737e-04
2744 1.06943689e-04
2745 1.06938300e-04
2746 1.06929849e-04
2747 1.06923835e-04
2748 1.06917846e-04
2749 1.06911470e-04
2750 1.06904647e-04
2751 1.06897587e-04
2752 1.06891452e-04
2753 1.06883963e-04
2754 1.06878323e-04
2755 1.06872552e-04
2756 1.06866328e-04
2757 1.06859562e-04
2758 1.06852275e-04
2759 1.06844776e-04
2760 1.06838797e-04
2761 1.06830942e-04
2762 1.06824789e-04
2763 1.06818621e-04
2764 1.06812132e-04
2765 1.06805433e-04
2766 1.06799391e-04
2767 1.06798224e-04
2768 1.06785551e-04
2769 1.06778541e-04
2770 1.06772278e-04
2771 1.06765950e-04
2772 1.06759607e-04
2773 1.06754260e-04
2774 1.06746066e-04
2775 1.06740898e-04
2776 1.06735623e-04
2777 1.06729896e-04
2778 1.06723622e-04
2779 1.06716741e-04
2780 1.06709217e-04
2781 1.06701093e-04
2782 1.06692850e-04
2783 1.06687755e-04
2784 1.06679668e-04
2785 1.06673193e-04
2786 1.06667508e-04
2787 1.06663801e-04
2788 1.06652426e-04
2789 1.06647392e-04
2790 1.06642402e-04
2791 1.06636991e-04
2792 1.06631058e-04
2793 1.06624541e-04
2794 1.06617385e-04
2795 1.06609547e-04
2796 1.06601054e-04
2797 1.06592349e-04
2798 1.06586827e-04
2799 1.06579380e-04
2800 1.06573346e-04
2801 1.06568853e-04
2802 1.06558271e-04
2803 1.06553726e-04
2804 1.06549057e-04
2805 1.06543955e-04
2806 1.06538350e-04
2807 1.06532187e-04
2808 1.06525412e-04
2809 1.06517965e-04
2810 1.06509784e-04
2811 1.06500829e-04
2812 1.06491211e-04
2813 1.06482244e-04
2814 1.06475952e-04
2815 1.06469891e-04
2816 1.06464620e-04
2817 1.06463217e-04
2818 1.06449695e-04
2819 1.06443575e-04
2820 1.06437993e-04
2821 1.06432105e-04
2822 1.06425736e-04
2823 1.06418860e-04
2824 1.06411655e-04
2825 1.06405143e-04
2826 1.06405035e-04
2827 1.06393102e-04
2828 1.06385784e-04
2829 1.06379686e-04
2830 1.06374729e-04
2831 1.06373412e-04
2832 1.06358686e-04
2833 1.06353051e-04
2834 1.06347852e-04
2835 1.06342301e-04
2836 1.06336243e-04
2837 1.06329612e-04
2838 1.06322379e-04
2839 1.06314625e-04
2840 1.06306976e-04
2841 1.06303426e-04
2842 1.06294527e-04
2843 1.06287939e-04
2844 1.06282274e-04
2845 1.06278392e-04
2846 1.06267414e-04
2847 1.06262630e-04
2848 1.06257833e-04
2849 1.06252616e-04
2850 1.06246890e-04
2851 1.06240599e-04
2852 1.06233685e-04
2853 1.06226096e-04
2854 1.06217804e-04
2855 1.06208946e-04
2856 1.06200796e-04
2857 1.06194431e-04
2858 1.06188313e-04
2859 1.06182296e-04
2860 1.06177259e-04
2861 1.06169019e-04
2862 1.06164145e-04
2863 1.06159157e-04
2864 1.06153731e-04
2865 1.06147780e-04
2866 1.06141245e-04
2867 1.06134075e-04
2868 1.06126245e-04
2869 1.06117871e-04
2870 1.06109942e-04
2871 1.06109908e-04
2872 1.06101695e-04
2873 1.06097200e-04
2874 1.06081961e-04
2875 1.06077871e-04
2876 1.06073626e-04
2877 1.06068974e-04
2878 1.06063859e-04
2879 1.06058234e-04
2880 1.06052048e-04
2881 1.06045246e-04
2882 1.06037766e-04
2883 1.06029543e-04
2884 1.06020506e-04
2885 1.06010604e-04
2886 1.05999981e-04
2887 1.05990805e-04
2888 1.05985459e-04
2889 1.05982468e-04
2890 1.05970613e-04
2891 1.05965508e-04
2892 1.05960558e-04
2893 1.05955215e-04
2894 1.05949364e-04
2895 1.05942944e-04
2896 1.05935906e-04
2897 1.05928239e-04
2898 1.05920108e-04
2899 1.05912765e-04
2900 1.05906285e-04
2901 1.05900304e-04
2902 1.05894205e-04
2903 1.05888085e-04
2904 1.05882988e-04
2905 1.05875053e-04
2906 1.05870021e-04
2907 1.05864902e-04
2908 1.05859351e-04
2909 1.05853274e-04
2910 1.05846615e-04
2911 1.05839348e-04
2912 1.05831566e-04
2913 1.05823991e-04
2914 1.05821438e-04
2915 1.05812632e-04
2916 1.05806342e-04
2917 1.05801658e-04
2918 1.05800808e-04
2919 1.05784837e-04
2920 1.05779496e-04
2921 1.05774582e-04
2922 1.05769318e-04
2923 1.05763561e-04
2924 1.05757247e-04
2925 1.05750328e-04
2926 1.05742795e-04
2927 1.05734822e-04
2928 1.05727671e-04
2929 1.05721186e-04
2930 1.05715266e-04
2931 1.05709225e-04
2932 1.05703101e-04
2933 1.05697745e-04
2934 1.05697184e-04
2935 1.05684150e-04
2936 1.05677551e-04
2937 1.05671708e-04
2938 1.05665729e-04
2939 1.05659514e-04
2940 1.05653484e-04
2941 1.05649729e-04
2942 1.05640195e-04
2943 1.05634498e-04
2944 1.05628997e-04
2945 1.05623150e-04
2946 1.05616842e-04
2947 1.05610120e-04
2948 1.05603433e-04
2949 1.05599127e-04
2950 1.05590445e-04
2951 1.05584395e-04
2952 1.05578545e-04
2953 1.05572476e-04
2954 1.05566296e-04
2955 1.05560940e-04
2956 1.05560885e-04
2957 1.05547688e-04
2958 1.05540889e-04
2959 1.05534955e-04
2960 1.05528986e-04
2961 1.05522977e-04
2962 1.05517766e-04
2963 1.05517306e-04
2964 1.05504110e-04
2965 1.05497608e-04
2966 1.05491857e-04
2967 1.05485948e-04
2968 1.05479754e-04
2969 1.05473574e-04
2970 1.05468974e-04
2971 1.05460582e-04
2972 1.05455176e-04
2973 1.05449813e-04
2974 1.05444062e-04
2975 1.05437817e-04
2976 1.05431080e-04
2977 1.05424084e-04
2978 1.05418134e-04
2979 1.05411145e-04
2980 1.05405557e-04
2981 1.05399871e-04
2982 1.05393811e-04
2983 1.05387383e-04
2984 1.05380973e-04
2985 1.05376535e-04
2986 1.05368037e-04
2987 1.05362306e-04
2988 1.05356694e-04
2989 1.05350756e-04
2990 1.05344435e-04
2991 1.05337982e-04
2992 1.05332715e-04
2993 1.05325199e-04
2994 1.05319843e-04
2995 1.05314439e-04
2996 1.05308632e-04
2997 1.05302337e-04
2998 1.05295587e-04
2999 1.05288752e-04
3000 1.05283830e-04
3001 1.05275902e-04
3002 1.05270022e-04
3003 1.05264239e-04
3004 1.05258219e-04
3005 1.05252104e-04
3006 1.05246916e-04
3007 1.05239485e-04
3008 1.05234504e-04
3009 1.05229425e-04
3010 1.05223922e-04
3011 1.05217903e-04
3012 1.05211320e-04
3013 1.05204175e-04
3014 1.05196688e-04
3015 1.05190267e-04
3016 1.05183595e-04
3017 1.05177817e-04
3018 1.05171956e-04
3019 1.05165910e-04
3020 1.05160153e-04
3021 1.05157012e-04
3022 1.05147003e-04
3023 1.05141304e-04
3024 1.05135882e-04
3025 1.05130146e-04
3026 1.05123972e-04
3027 1.05117423e-04
3028 1.05111007e-04
3029 1.05107354e-04
3030 1.05098301e-04
3031 1.05092246e-04
3032 1.05086483e-04
3033 1.05080553e-04
3034 1.05074585e-04
3035 1.05069637e-04
3036 1.05061978e-04
3037 1.05057052e-04
3038 1.05052049e-04
3039 1.05046630e-04
3040 1.05040701e-04
3041 1.05034210e-04
3042 1.05027148e-04
3043 1.05019667e-04
3044 1.05012812e-04
3045 1.05006591e-04
3046 1.05000988e-04
3047 1.04995195e-04
3048 1.04989094e-04
3049 1.04982945e-04
3050 1.04978137e-04
3051 1.04970281e-04
3052 1.04965039e-04
3053 1.04959792e-04
3054 1.04954153e-04
3055 1.04948022e-04
3056 1.04941396e-04
3057 1.04934478e-04
3058 1.04928431e-04
3059 1.04921781e-04
3060 1.04916344e-04
3061 1.04910776e-04
3062 1.04904824e-04
3063 1.04898492e-04
3064 1.04892120e-04
3065 1.04887462e-04
3066 1.04879453e-04
3067 1.04873895e-04
3068 1.04868404e-04
3069 1.04862576e-04
3070 1.04856355e-04
3071 1.04849964e-04
3072 1.04844590e-04
3073 1.04837459e-04
3074 1.04832246e-04
3075 1.04826952e-04
3076 1.04821254e-04
3077 1.04815069e-04
3078 1.04808425e-04
3079 1.04801653e-04
3080 1.04796568e-04
3081 1.04789022e-04
3082 1.04783304e-04
3083 1.04777638e-04
3084 1.04771716e-04
3085 1.04765666e-04
3086 1.04760418e-04
3087 1.04753348e-04
3088 1.04748488e-04
3089 1.04743507e-04
3090 1.04738106e-04
3091 1.04732196e-04
3092 1.04725730e-04
3093 1.04718706e-04
3094 1.04711322e-04
3095 1.04704870e-04
3096 1.04698432e-04
3097 1.04692786e-04
3098 1.04687031e-04
3099 1.04681072e-04
3100 1.04675341e-04
3101 1.04671989e-04
3102 1.04662492e-04
3103 1.04656951e-04
3104 1.04651640e-04
3105 1.04646009e-04
3106 1.04639941e-04
3107 1.04633491e-04
3108 1.04627128e-04
3109 1.04623297e-04
3110 1.04614640e-04
3111 1.04608745e-04
3112 1.04603096e-04
3113 1.04597263e-04
3114 1.04591366e-04
3115 1.04586391e-04
3116 1.04579041e-04
3117 1.04574223e-04
3118 1.04569313e-04
3119 1.04563991e-04
3120 1.04558166e-04
3121 1.04551788e-04
3122 1.04544845e-04
3123 1.04537479e-04
3124 1.04530669e-04
3125 1.04524618e-04
3126 1.04519128e-04
3127 1.04513438e-04
3128 1.04507434e-04
3129 1.04501362e-04
3130 1.04496531e-04
3131 1.04488949e-04
3132 1.04483820e-04
3133 1.04478670e-04
3134 1.04473129e-04
3135 1.04467103e-04
3136 1.04460587e-04
3137 1.04453772e-04
3138 1.04447762e-04
3139 1.04441295e-04
3140 1.04435966e-04
3141 1.04430497e-04
3142 1.04424647e-04
3143 1.04418416e-04
3144 1.04412131e-04
3145 1.04407464e-04
3146 1.04399691e-04
3147 1.04394247e-04
3148 1.04388855e-04
3149 1.04383127e-04
3150 1.04377008e-04
3151 1.04370711e-04
3152 1.04365377e-04
3153 1.04358431e-04
3154 1.04353317e-04
3155 1.04348116e-04
3156 1.04342515e-04
3157 1.04336435e-04
3158 1.04329900e-04
3159 1.04323230e-04
3160 1.04318179e-04
3161 1.04310810e-04
3162 1.04305200e-04
3163 1.04299632e-04
3164 1.04293809e-04
3165 1.04287853e-04
3166 1.04282669e-04
3167 1.04282636e-04
3168 1.04270204e-04
3169 1.04263665e-04
3170 1.04257969e-04
3171 1.04252287e-04
3172 1.04246687e-04
3173 1.04242255e-04
3174 1.04234261e-04
3175 1.04229528e-04
3176 1.04224755e-04
3177 1.04219586e-04
3178 1.04213925e-04
3179 1.04207721e-04
3180 1.04200943e-04
3181 1.04193653e-04
3182 1.04186393e-04
3183 1.04182784e-04
3184 1.04174997e-04
3185 1.04169086e-04
3186 1.04164178e-04
3187 1.04161628e-04
3188 1.04149796e-04
3189 1.04145120e-04
3190 1.04140592e-04
3191 1.04135698e-04
3192 1.04130335e-04
3193 1.04124445e-04
3194 1.04117980e-04
3195 1.04110906e-04
3196 1.04103272e-04
3197 1.04095616e-04
3198 1.04091935e-04
3199 1.04084774e-04
3200 1.04079415e-04
3201 1.04076053e-04
3202 1.04064613e-04
3203 1.04060404e-04
3204 1.04056167e-04
3205 1.04051547e-04
3206 1.04046473e-04
3207 1.04040894e-04
3208 1.04034759e-04
3209 1.04028016e-04
3210 1.04020612e-04
3211 1.04012519e-04
3212 1.04003901e-04
3213 1.03996430e-04
3214 1.03990634e-04
3215 1.03985331e-04
3216 1.03981256e-04
3217 1.03972478e-04
3218 1.03968127e-04
3219 1.03963706e-04
3220 1.03958892e-04
3221 1.03953609e-04
3222 1.03947802e-04
3223 1.03941422e-04
3224 1.03934421e-04
3225 1.03926782e-04
3226 1.03918688e-04
3227 1.03911705e-04
3228 1.03905694e-04
3229 1.03900119e-04
3230 1.03894928e-04
3231 1.03891456e-04
3232 1.03881989e-04
3233 1.03877267e-04
3234 1.03872616e-04
3235 1.03867591e-04
3236 1.03862091e-04
3237 1.03856058e-04
3238 1.03849456e-04
3239 1.03842307e-04
3240 1.03834939e-04
3241 1.03829570e-04
3242 1.03822723e-04
3243 1.03816984e-04
3244 1.03811566e-04
3245 1.03806948e-04
3246 1.03805953e-04
3247 1.03793263e-04
3248 1.03787761e-04
3249 1.03782771e-04
3250 1.03777506e-04
3251 1.03771802e-04
3252 1.03765625e-04
3253 1.03759090e-04
3254 1.03752904e-04
3255 1.03751013e-04
3256 1.03741472e-04
3257 1.03735196e-04
3258 1.03729632e-04
3259 1.03724606e-04
3260 1.03721522e-04
3261 1.03711382e-04
3262 1.03706683e-04
3263 1.03702095e-04
3264 1.03697140e-04
3265 1.03691716e-04
3266 1.03685765e-04
3267 1.03679248e-04
3268 1.03672167e-04
3269 1.03664759e-04
3270 1.03658670e-04
3271 1.03652289e-04
3272 1.03646677e-04
3273 1.03641148e-04
3274 1.03635945e-04
3275 1.03632790e-04
3276 1.03623216e-04
3277 1.03618232e-04
3278 1.03613411e-04
3279 1.03608242e-04
3280 1.03602605e-04
3281 1.03596454e-04
3282 1.03589811e-04
3283 1.03582969e-04
3284 1.03577671e-04
3285 1.03570786e-04
3286 1.03565217e-04
3287 1.03559692e-04
3288 1.03554057e-04
3289 1.03548781e-04
3290 1.03546192e-04
3291 1.03536207e-04
3292 1.03530802e-04
3293 1.03525709e-04
3294 1.03520324e-04
3295 1.03514520e-04
3296 1.03508332e-04
3297 1.03502142e-04
3298 1.03497951e-04
3299 1.03490084e-04
3300 1.03484567e-04
3301 1.03479188e-04
3302 1.03473563e-04
3303 1.03467737e-04
3304 1.03462337e-04
3305 1.03460394e-04
3306 1.03450072e-04
3307 1.03444233e-04
3308 1.03438871e-04
3309 1.03433332e-04
3310 1.03427566e-04
3311 1.03422000e-04
3312 1.03418742e-04
3313 1.03409740e-04
3314 1.03404375e-04
3315 1.03399234e-04
3316 1.03393795e-04
3317 1.03387956e-04
3318 1.03381812e-04
3319 1.03375993e-04
3320 1.03373751e-04
3321 1.03364173e-04
3322 1.03358168e-04
3323 1.03352660e-04
3324 1.03347149e-04
3325 1.03341912e-04
3326 1.03338660e-04
3327 1.03329417e-04
3328 1.03324441e-04
3329 1.03319619e-04
3330 1.03314453e-04
3331 1.03308825e-04
3332 1.03302694e-04
3333 1.03296112e-04
3334 1.03289491e-04
3335 1.03285247e-04
3336 1.03277660e-04
3337 1.03271921e-04
3338 1.03266437e-04
3339 1.03261082e-04
3340 1.03256711e-04
3341 1.03249068e-04
3342 1.03244665e-04
3343 1.03240182e-04
3344 1.03235308e-04
3345 1.03229964e-04
3346 1.03224095e-04
3347 1.03217658e-04
3348 1.03210632e-04
3349 1.03203143e-04
3350 1.03196194e-04
3351 1.03190477e-04
3352 1.03185068e-04
3353 1.03179522e-04
3354 1.03173973e-04
3355 1.03169482e-04
3356 1.03162093e-04
3357 1.03157445e-04
3358 1.03152749e-04
3359 1.03147667e-04
3360 1.03142108e-04
3361 1.03136024e-04
3362 1.03129411e-04
3363 1.03122431e-04
3364 1.03116162e-04
3365 1.03110205e-04
3366 1.03104920e-04
3367 1.03099485e-04
3368 1.03093788e-04
3369 1.03088107e-04
3370 1.03083900e-04
3371 1.03076153e-04
3372 1.03071171e-04
3373 1.03066232e-04
3374 1.03060937e-04
3375 1.03055190e-04
3376 1.03048993e-04
3377 1.03042571e-04
3378 1.03037179e-04
3379 1.03030664e-04
3380 1.03025498e-04
3381 1.03020257e-04
3382 1.03014679e-04
3383 1.03008775e-04
3384 1.03002928e-04
3385 1.02999063e-04
3386 1.02991000e-04
3387 1.02985670e-04
3388 1.02980486e-04
3389 1.02975016e-04
3390 1.02969209e-04
3391 1.02963324e-04
3392 1.02958698e-04
3393 1.02951505e-04
3394 1.02946517e-04
3395 1.02941521e-04
3396 1.02936166e-04
3397 1.02930368e-04
3398 1.02924172e-04
3399 1.02917966e-04
3400 1.02913840e-04
3401 1.02906158e-04
3402 1.02900646e-04
3403 1.02895294e-04
3404 1.02889765e-04
3405 1.02884220e-04
3406 1.02879756e-04
3407 1.02872444e-04
3408 1.02867782e-04
3409 1.02863080e-04
3410 1.02857997e-04
3411 1.02852442e-04
3412 1.02846372e-04
3413 1.02839801e-04
3414 1.02832980e-04
3415 1.02827471e-04
3416 1.02820996e-04
3417 1.02815583e-04
3418 1.02810174e-04
3419 1.02804670e-04
3420 1.02799616e-04
3421 1.02797646e-04
3422 1.02787273e-04
3423 1.02781808e-04
3424 1.02776751e-04
3425 1.02771444e-04
3426 1.02765761e-04
3427 1.02759789e-04
3428 1.02754129e-04
3429 1.02751848e-04
3430 1.02742453e-04
3431 1.02736619e-04
3432 1.02731243e-04
3433 1.02725806e-04
3434 1.02720481e-04
3435 1.02716540e-04
3436 1.02708530e-04
3437 1.02703852e-04
3438 1.02699199e-04
3439 1.02694181e-04
3440 1.02688698e-04
3441 1.02682704e-04
3442 1.02676204e-04
3443 1.02669406e-04
3444 1.02663612e-04
3445 1.02657427e-04
3446 1.02652137e-04
3447 1.02646772e-04
3448 1.02641206e-04
3449 1.02635787e-04
3450 1.02632278e-04
3451 1.02623826e-04
3452 1.02618776e-04
3453 1.02613871e-04
3454 1.02608642e-04
3455 1.02602982e-04
3456 1.02596907e-04
3457 1.02590700e-04
3458 1.02585894e-04
3459 1.02578962e-04
3460 1.02573754e-04
3461 1.02568558e-04
3462 1.02563068e-04
3463 1.02557310e-04
3464 1.02551762e-04
3465 1.02548776e-04
3466 1.02539927e-04
3467 1.02534486e-04
3468 1.02529327e-04
3469 1.02523934e-04
3470 1.02518257e-04
3471 1.02512626e-04
3472 1.02508687e-04
3473 1.02500847e-04
3474 1.02495791e-04
3475 1.02490828e-04
3476 1.02485540e-04
3477 1.02479838e-04
3478 1.02473786e-04
3479 1.02467879e-04
3480 1.02464695e-04
3481 1.02456301e-04
3482 1.02450672e-04
3483 1.02445354e-04
3484 1.02439943e-04
3485 1.02434654e-04
3486 1.02430853e-04
3487 1.02422774e-04
3488 1.02418055e-04
3489 1.02413388e-04
3490 1.02408366e-04
3491 1.02402886e-04
3492 1.02396907e-04
3493 1.02390462e-04
3494 1.02383877e-04
3495 1.02379110e-04
3496 1.02372212e-04
3497 1.02366745e-04
3498 1.02361408e-04
3499 1.02356092e-04
3500 1.02351492e-04
3501 1.02350908e-04
3502 1.02339008e-04
3503 1.02333325e-04
3504 1.02328264e-04
3505 1.02323016e-04
3506 1.02317437e-04
3507 1.02311648e-04
3508 1.02306422e-04
3509 1.02305620e-04
3510 1.02294973e-04
3511 1.02288902e-04
3512 1.02283529e-04
3513 1.02278218e-04
3514 1.02273201e-04
3515 1.02270096e-04
3516 1.02261031e-04
3517 1.02256262e-04
3518 1.02251637e-04
3519 1.02246676e-04
3520 1.02241265e-04
3521 1.02235360e-04
3522 1.02228983e-04
3523 1.02222413e-04
3524 1.02217322e-04
3525 1.02210721e-04
3526 1.02205376e-04
3527 1.02200074e-04
3528 1.02194668e-04
3529 1.02189616e-04
3530 1.02187183e-04
3531 1.02177540e-04
3532 1.02172338e-04
3533 1.02167444e-04
3534 1.02162273e-04
3535 1.02156702e-04
3536 1.02150766e-04
3537 1.02144847e-04
3538 1.02140925e-04
3539 1.02133275e-04
3540 1.02127954e-04
3541 1.02122784e-04
3542 1.02117386e-04
3543 1.02111810e-04
3544 1.02106687e-04
3545 1.02105065e-04
3546 1.02094896e-04
3547 1.02089234e-04
3548 1.02084070e-04
3549 1.02078752e-04
3550 1.02073233e-04
3551 1.02067954e-04
3552 1.02065068e-04
3553 1.02056139e-04
3554 1.02050931e-04
3555 1.02045979e-04
3556 1.02040752e-04
3557 1.02035151e-04
3558 1.02029277e-04
3559 1.02023790e-04
3560 1.02022071e-04
3561 1.02012479e-04
3562 1.02006617e-04
3563 1.02001307e-04
3564 1.01996039e-04
3565 1.01991108e-04
3566 1.01988324e-04
3567 1.01978963e-04
3568 1.01974112e-04
3569 1.01969463e-04
3570 1.01964494e-04
3571 1.01959086e-04
3572 1.01953202e-04
3573 1.01946901e-04
3574 1.01940634e-04
3575 1.01937001e-04
3576 1.01929376e-04
3577 1.01923777e-04
3578 1.01918509e-04
3579 1.01913448e-04
3580 1.01909527e-04
3581 1.01901693e-04
3582 1.01897411e-04
3583 1.01893092e-04
3584 1.01888404e-04
3585 1.01883265e-04
3586 1.01877624e-04
3587 1.01871437e-04
3588 1.01864694e-04
3589 1.01857540e-04
3590 1.01851102e-04
3591 1.01845461e-04
3592 1.01840230e-04
3593 1.01834925e-04
3594 1.01829707e-04
3595 1.01825778e-04
3596 1.01818102e-04
3597 1.01813557e-04
3598 1.01809024e-04
3599 1.01804132e-04
3600 1.01798787e-04
3601 1.01792942e-04
3602 1.01786602e-04
3603 1.01779964e-04
3604 1.01774277e-04
3605 1.01768279e-04
3606 1.01763129e-04
3607 1.01757899e-04
3608 1.01752469e-04
3609 1.01747175e-04
3610 1.01743721e-04
3611 1.01735526e-04
3612 1.01730608e-04
3613 1.01725826e-04
3614 1.01720727e-04
3615 1.01715208e-04
3616 1.01709284e-04
3617 1.01703232e-04
3618 1.01698551e-04
3619 1.01691789e-04
3620 1.01686708e-04
3621 1.01681641e-04
3622 1.01676288e-04
3623 1.01670676e-04
3624 1.01665278e-04
3625 1.01662419e-04
3626 1.01653737e-04
3627 1.01648419e-04
3628 1.01643385e-04
3629 1.01638125e-04
3630 1.01632595e-04
3631 1.01627122e-04
3632 1.01623352e-04
3633 1.01615624e-04
3634 1.01610676e-04
3635 1.01605832e-04
3636 1.01600674e-04
3637 1.01595114e-04
3638 1.01589222e-04
3639 1.01583495e-04
3640 1.01580541e-04
3641 1.01572219e-04
3642 1.01566696e-04
3643 1.01561503e-04
3644 1.01556235e-04
3645 1.01551113e-04
3646 1.01547534e-04
3647 1.01539474e-04
3648 1.01534844e-04
3649 1.01530286e-04
3650 1.01525385e-04
3651 1.01520039e-04
3652 1.01514209e-04
3653 1.01507931e-04
3654 1.01501546e-04
3655 1.01497078e-04
3656 1.01490214e-04
3657 1.01484846e-04
3658 1.01479641e-04
3659 1.01474490e-04
3660 1.01470121e-04
3661 1.01469973e-04
3662 1.01457855e-04
3663 1.01452220e-04
3664 1.01447259e-04
3665 1.01442135e-04
3666 1.01436702e-04
3667 1.01431092e-04
3668 1.01426120e-04
3669 1.01425859e-04
3670 1.01414983e-04
3671 1.01408947e-04
3672 1.01403680e-04
3673 1.01398521e-04
3674 1.01393719e-04
3675 1.01391002e-04
3676 1.01381701e-04
3677 1.01376985e-04
3678 1.01372459e-04
3679 1.01367614e-04
3680 1.01362334e-04
3681 1.01356576e-04
3682 1.01350369e-04
3683 1.01344020e-04
3684 1.01339336e-04
3685 1.01332672e-04
3686 1.01327401e-04
3687 1.01322224e-04
3688 1.01316991e-04
3689 1.01312205e-04
3690 1.01310332e-04
3691 1.01300293e-04
3692 1.01295110e-04
3693 1.01290308e-04
3694 1.01285256e-04
3695 1.01279826e-04
3696 1.01274065e-04
3697 1.01268398e-04
3698 1.01265007e-04
3699 1.01257115e-04
3700 1.01251825e-04
3701 1.01246757e-04
3702 1.01241501e-04
3703 1.01236119e-04
3704 1.01231318e-04
3705 1.01230492e-04
3706 1.01219755e-04
3707 1.01214062e-04
3708 1.01208980e-04
3709 1.01203793e-04
3710 1.01198457e-04
3711 1.01193474e-04
3712 1.01191267e-04
3713 1.01181831e-04
3714 1.01176615e-04
3715 1.01171748e-04
3716 1.01166642e-04
3717 1.01161192e-04
3718 1.01155523e-04
3719 1.01150390e-04
3720 1.01149638e-04
3721 1.01139431e-04
3722 1.01133510e-04
3723 1.01128288e-04
3724 1.01123195e-04
3725 1.01118580e-04
3726 1.01116524e-04
3727 1.01106444e-04
3728 1.01101577e-04
3729 1.01097009e-04
3730 1.01092150e-04
3731 1.01086871e-04
3732 1.01081139e-04
3733 1.01075033e-04
3734 1.01069085e-04
3735 1.01066321e-04
3736 1.01058286e-04
3737 1.01052674e-04
3738 1.01047533e-04
3739 1.01042733e-04
3740 1.01039375e-04
3741 1.01030903e-04
3742 1.01026640e-04
3743 1.01022407e-04
3744 1.01017826e-04
3745 1.01012807e-04
3746 1.01007298e-04
3747 1.01001261e-04
3748 1.00994694e-04
3749 1.00987782e-04
3750 1.00981875e-04
3751 1.00976139e-04
3752 1.00970983e-04
3753 1.00965843e-04
3754 1.00960927e-04
3755 1.00957681e-04
3756 1.00949316e-04
3757 1.00944762e-04
3758 1.00940310e-04
3759 1.00935526e-04
3760 1.00930305e-04
3761 1.00924606e-04
3762 1.00918444e-04
3763 1.00912071e-04
3764 1.00907014e-04
3765 1.00900765e-04
3766 1.00895637e-04
3767 1.00890524e-04
3768 1.00885293e-04
3769 1.00880365e-04
3770 1.00877836e-04
3771 1.00868770e-04
3772 1.00863787e-04
3773 1.00859074e-04
3774 1.00854085e-04
3775 1.00848707e-04
3776 1.00842973e-04
3777 1.00837239e-04
3778 1.00833370e-04
3779 1.00826076e-04
3780 1.00820959e-04
3781 1.00815974e-04
3782 1.00810765e-04
3783 1.00805378e-04
3784 1.00800418e-04
3785 1.00798800e-04
3786 1.00789053e-04
3787 1.00783600e-04
3788 1.00778618e-04
3789 1.00773486e-04
3790 1.00768161e-04
3791 1.00763072e-04
3792 1.00760309e-04
3793 1.00751671e-04
3794 1.00746639e-04
3795 1.00741857e-04
3796 1.00736812e-04
3797 1.00731407e-04
3798 1.00725746e-04
3799 1.00720479e-04
3800 1.00718950e-04
3801 1.00709581e-04
3802 1.00703895e-04
3803 1.00698765e-04
3804 1.00693691e-04
3805 1.00688972e-04
3806 1.00686425e-04
3807 1.00677197e-04
3808 1.00672486e-04
3809 1.00667990e-04
3810 1.00663191e-04
3811 1.00657971e-04
3812 1.00652293e-04
3813 1.00646223e-04
3814 1.00640223e-04
3815 1.00636951e-04
3816 1.00629417e-04
3817 1.00623969e-04
3818 1.00618886e-04
3819 1.00614049e-04
3820 1.00610428e-04
3821 1.00602582e-04
3822 1.00598418e-04
3823 1.00594242e-04
3824 1.00589714e-04
3825 1.00584751e-04
3826 1.00579304e-04
3827 1.00573331e-04
3828 1.00566827e-04
3829 1.00559950e-04
3830 1.00553896e-04
3831 1.00548353e-04
3832 1.00543282e-04
3833 1.00538178e-04
3834 1.00533223e-04
3835 1.00529704e-04
3836 1.00521890e-04
3837 1.00517446e-04
3838 1.00513056e-04
3839 1.00508329e-04
3840 1.00503166e-04
3841 1.00497525e-04
3842 1.00491417e-04
3843 1.00485063e-04
3844 1.00479832e-04
3845 1.00473835e-04
3846 1.00468810e-04
3847 1.00463756e-04
3848 1.00458552e-04
3849 1.00453574e-04
3850 1.00450711e-04
3851 1.00442205e-04
3852 1.00437353e-04
3853 1.00432709e-04
3854 1.00427780e-04
3855 1.00422456e-04
3856 1.00416764e-04
3857 1.00411024e-04
3858 1.00406927e-04
3859 1.00399982e-04
3860 1.00394981e-04
3861 1.00390064e-04
3862 1.00384905e-04
3863 1.00379544e-04
3864 1.00374528e-04
3865 1.00372517e-04
3866 1.00363326e-04
3867 1.00358022e-04
3868 1.00353117e-04
3869 1.00348040e-04
3870 1.00342749e-04
3871 1.00337633e-04
3872 1.00334609e-04
3873 1.00326415e-04
3874 1.00321500e-04
3875 1.00316786e-04
3876 1.00311798e-04
3877 1.00306445e-04
3878 1.00300818e-04
3879 1.00295516e-04
3880 1.00293620e-04
3881 1.00284708e-04
3882 1.00279167e-04
3883 1.00274110e-04
3884 1.00269072e-04
3885 1.00264331e-04
3886 1.00261567e-04
3887 1.00252793e-04
3888 1.00248181e-04
3889 1.00243745e-04
3890 1.00239001e-04
3891 1.00233837e-04
3892 1.00228217e-04
3893 1.00222198e-04
3894 1.00216209e-04
3895 1.00212729e-04
3896 1.00205465e-04
3897 1.00200123e-04
3898 1.00195096e-04
3899 1.00190271e-04
3900 1.00186557e-04
3901 1.00179032e-04
3902 1.00174936e-04
3903 1.00170810e-04
3904 1.00166332e-04
3905 1.00161423e-04
3906 1.00156034e-04
3907 1.00150126e-04
3908 1.00143688e-04
3909 1.00136868e-04
3910 1.00130793e-04
3911 1.00125364e-04
3912 1.00120359e-04
3913 1.00115303e-04
3914 1.00110363e-04
3915 1.00106762e-04
3916 1.00099215e-04
3917 1.00094842e-04
3918 1.00090504e-04
3919 1.00085829e-04
3920 1.00080722e-04
3921 1.00075141e-04
3922 1.00069094e-04
3923 1.00062790e-04
3924 1.00057531e-04
3925 1.00051667e-04
3926 1.00046713e-04
3927 1.00041715e-04
3928 1.00036556e-04
3929 1.00031597e-04
3930 1.00028644e-04
3931 1.00020385e-04
3932 1.00015611e-04
3933 1.00011023e-04
3934 1.00006148e-04
3935 1.00000880e-04
3936 9.99952430e-05
3937 9.99895447e-05
3938 9.99854114e-05
3939 9.99786214e-05
3940 9.99736915e-05
3941 9.99688318e-05
3942 9.99637270e-05
3943 9.99584147e-05
3944 9.99534238e-05
3945 9.99513277e-05
3946 9.99423533e-05
3947 9.99371300e-05
3948 9.99322837e-05
3949 9.99272612e-05
3950 9.99220213e-05
3951 9.99169423e-05
3952 9.99138883e-05
3953 9.99058585e-05
3954 9.99010097e-05
3955 9.98963494e-05
3956 9.98914155e-05
3957 9.98861186e-05
3958 9.98805476e-05
3959 9.98752867e-05
3960 9.98733516e-05
3961 9.98645934e-05
3962 9.98591240e-05
3963 9.98541238e-05
3964 9.98491388e-05
3965 9.98444412e-05
3966 9.98416817e-05
3967 9.98330398e-05
3968 9.98284813e-05
3969 9.98240938e-05
3970 9.98194007e-05
3971 9.98142914e-05
3972 9.98087314e-05
3973 9.98027766e-05
3974 9.97968508e-05
3975 9.97934057e-05
3976 9.97862232e-05
3977 9.97809386e-05
3978 9.97759662e-05
3979 9.97711957e-05
3980 9.97675297e-05
3981 9.97600734e-05
3982 9.97560193e-05
3983 9.97519362e-05
3984 9.97475058e-05
3985 9.97426493e-05
3986 9.97373179e-05
3987 9.97314724e-05
3988 9.97251034e-05
3989 9.97183600e-05
3990 9.97123688e-05
3991 9.97069865e-05
3992 9.97020329e-05
3993 9.96970334e-05
3994 9.96921584e-05
3995 9.96886341e-05
3996 9.96811116e-05
3997 9.96767774e-05
3998 9.96724841e-05
3999 9.96678579e-05
4000 9.96628049e-05
