# iter cost
0 2.57746915e+02
1 1.52379563e+01
2 1.00015289e+01
3 1.00013593e+01
4 1.00011736e+01
5 1.00009702e+01
6 1.00007476e+01
7 1.00005040e+01
8 1.00002376e+01
9 9.99994646e+00
10 9.99962841e+00
11 9.99928119e+00
12 9.99890236e+00
13 9.99848935e+00
14 9.99803939e+00
15 9.99754958e+00
16 9.99701681e+00
17 9.99643784e+00
18 9.99580923e+00
19 9.99512737e+00
20 9.99438849e+00
21 9.99358860e+00
22 9.99272355e+00
23 9.99178897e+00
24 9.99078026e+00
25 9.98969255e+00
26 9.98852066e+00
27 9.98725901e+00
28 9.98590150e+00
29 9.98444138e+00
30 9.98287102e+00
31 9.98118160e+00
32 9.97936272e+00
33 9.97740178e+00
34 9.97528327e+00
35 9.97298759e+00
36 9.97048953e+00
37 9.96775603e+00
38 9.96474299e+00
39 9.96139036e+00
40 9.95761484e+00
41 9.95329822e+00
42 9.94826838e+00
43 9.94226692e+00
44 9.93489135e+00
45 9.92548570e+00
46 9.91291954e+00
47 9.89510506e+00
48 9.86784269e+00
49 9.82179461e+00
50 9.73413882e+00
51 9.54612600e+00
52 8.96603428e+00
53 8.78605371e+00
54 8.59644148e+00
55 8.42672757e+00
56 8.26682593e+00
57 8.09748153e+00
58 7.95113686e+00
59 7.78899853e+00
60 7.64906448e+00
61 7.48931494e+00
62 7.32541078e+00
63 7.19136510e+00
64 7.07095857e+00
65 7.03753355e+00
66 6.85023720e+00
67 6.74038730e+00
68 6.69723120e+00
69 6.48399240e+00
70 6.38240665e+00
71 6.28380238e+00
72 6.17849870e+00
73 6.07380621e+00
74 6.03827631e+00
75 5.92279544e+00
76 5.85587683e+00
77 5.71029696e+00
78 5.65349939e+00
79 5.59415087e+00
80 5.52895120e+00
81 5.45713096e+00
82 5.37814952e+00
83 5.29158805e+00
84 5.19770372e+00
85 5.10119851e+00
86 5.05829243e+00
87 4.95538115e+00
88 4.92062377e+00
89 4.88470476e+00
90 4.84579041e+00
91 4.80359532e+00
92 4.75795682e+00
93 4.70875750e+00
94 4.65596254e+00
95 4.59968024e+00
96 4.54077212e+00
97 4.48586413e+00
98 4.45564896e+00
99 4.43206514e+00
100 4.39216324e+00
101 4.36981267e+00
102 4.34756659e+00
103 4.32402122e+00
104 4.29898157e+00
105 4.27245589e+00
106 4.24470212e+00
107 4.21678899e+00
108 4.19500546e+00
109 4.17400262e+00
110 4.15614444e+00
111 4.14011817e+00
112 4.12894132e+00
113 4.10439618e+00
114 4.09208095e+00
115 4.08019893e+00
116 4.06776154e+00
117 4.05463910e+00
118 4.04084744e+00
119 4.02648546e+00
120 4.01195675e+00
121 3.99913033e+00
122 3.98883701e+00
123 3.97969026e+00
124 3.97063649e+00
125 3.96175518e+00
126 3.95417031e+00
127 3.95304297e+00
128 3.93748765e+00
129 3.92970944e+00
130 3.92309042e+00
131 3.91670813e+00
132 3.91065415e+00
133 3.90609194e+00
134 3.89831732e+00
135 3.89384230e+00
136 3.88948821e+00
137 3.88494494e+00
138 3.88016743e+00
139 3.87515964e+00
140 3.86997454e+00
141 3.86482396e+00
142 3.86080331e+00
143 3.85649804e+00
144 3.85297524e+00
145 3.84958838e+00
146 3.84632005e+00
147 3.84364992e+00
148 3.83969539e+00
149 3.83731794e+00
150 3.83494487e+00
151 3.83243305e+00
152 3.82975641e+00
153 3.82690665e+00
154 3.82388611e+00
155 3.82072615e+00
156 3.81760973e+00
157 3.81567243e+00
158 3.81287978e+00
159 3.81068312e+00
160 3.80881152e+00
161 3.80774247e+00
162 3.80382433e+00
163 3.80219506e+00
164 3.80062369e+00
165 3.79894688e+00
166 3.79713539e+00
167 3.79517576e+00
168 3.79305877e+00
169 3.79078322e+00
170 3.78838797e+00
171 3.78614895e+00
172 3.78605920e+00
173 3.78372946e+00
174 3.78237771e+00
175 3.77848349e+00
176 3.77739932e+00
177 3.77627026e+00
178 3.77503775e+00
179 3.77368956e+00
180 3.77221486e+00
181 3.77060203e+00
182 3.76883847e+00
183 3.76691035e+00
184 3.76480267e+00
185 3.76249949e+00
186 3.75998734e+00
187 3.75728401e+00
188 3.75474004e+00
189 3.75330354e+00
190 3.75220848e+00
191 3.74991576e+00
192 3.74870539e+00
193 3.74748833e+00
194 3.74616887e+00
195 3.74472425e+00
196 3.74314031e+00
197 3.74140517e+00
198 3.73951347e+00
199 3.73749497e+00
200 3.73559585e+00
201 3.73408161e+00
202 3.73263580e+00
203 3.73114607e+00
204 3.72964040e+00
205 3.72837138e+00
206 3.72649805e+00
207 3.72527181e+00
208 3.72402162e+00
209 3.72266687e+00
210 3.72118461e+00
211 3.71956234e+00
212 3.71779754e+00
213 3.71592867e+00
214 3.71421978e+00
215 3.71267193e+00
216 3.71127386e+00
217 3.70983090e+00
218 3.70831642e+00
219 3.70680911e+00
220 3.70571012e+00
221 3.70364578e+00
222 3.70231366e+00
223 3.70099825e+00
224 3.69959073e+00
225 3.69806601e+00
226 3.69643003e+00
227 3.69476476e+00
228 3.69351328e+00
229 3.69162901e+00
230 3.69021589e+00
231 3.68881605e+00
232 3.68734688e+00
233 3.68582967e+00
234 3.68445036e+00
235 3.68412257e+00
236 3.68128938e+00
237 3.67972188e+00
238 3.67830763e+00
239 3.67686951e+00
240 3.67541029e+00
241 3.67412641e+00
242 3.67394019e+00
243 3.67088875e+00
244 3.66932829e+00
245 3.66794194e+00
246 3.66651860e+00
247 3.66503472e+00
248 3.66358140e+00
249 3.66262586e+00
250 3.66043153e+00
251 3.65909020e+00
252 3.65778360e+00
253 3.65639188e+00
254 3.65488831e+00
255 3.65328378e+00
256 3.65168066e+00
257 3.65062421e+00
258 3.64859166e+00
259 3.64715819e+00
260 3.64576575e+00
261 3.64432191e+00
262 3.64285668e+00
263 3.64161334e+00
264 3.63982108e+00
265 3.63862886e+00
266 3.63741175e+00
267 3.63609244e+00
268 3.63464859e+00
269 3.63306832e+00
270 3.63135076e+00
271 3.62954122e+00
272 3.62794062e+00
273 3.62638354e+00
274 3.62500644e+00
275 3.62359887e+00
276 3.62213645e+00
277 3.62072112e+00
278 3.61985507e+00
279 3.61759330e+00
280 3.61624449e+00
281 3.61494622e+00
282 3.61356771e+00
283 3.61208197e+00
284 3.61050323e+00
285 3.60895091e+00
286 3.60804726e+00
287 3.60590998e+00
288 3.60445660e+00
289 3.60307231e+00
290 3.60165034e+00
291 3.60023233e+00
292 3.59910695e+00
293 3.59718272e+00
294 3.59597939e+00
295 3.59476928e+00
296 3.59346155e+00
297 3.59203205e+00
298 3.59046938e+00
299 3.58877622e+00
300 3.58701317e+00
301 3.58556210e+00
302 3.58391772e+00
303 3.58253076e+00
304 3.58113724e+00
305 3.57971421e+00
306 3.57839397e+00
307 3.57783041e+00
308 3.57523242e+00
309 3.57383794e+00
310 3.57253713e+00
311 3.57117009e+00
312 3.56970566e+00
313 3.56816759e+00
314 3.56671655e+00
315 3.56617907e+00
316 3.56372579e+00
317 3.56221458e+00
318 3.56082780e+00
319 3.55943694e+00
320 3.55809975e+00
321 3.55721324e+00
322 3.55497911e+00
323 3.55374473e+00
324 3.55253663e+00
325 3.55123901e+00
326 3.54982366e+00
327 3.54828005e+00
328 3.54661721e+00
329 3.54492425e+00
330 3.54373081e+00
331 3.54192164e+00
332 3.54050054e+00
333 3.53912233e+00
334 3.53775749e+00
335 3.53660230e+00
336 3.53657420e+00
337 3.53336576e+00
338 3.53186463e+00
339 3.53054800e+00
340 3.52918994e+00
341 3.52775306e+00
342 3.52627751e+00
343 3.52500560e+00
344 3.52333290e+00
345 3.52214358e+00
346 3.52092727e+00
347 3.51961124e+00
348 3.51817417e+00
349 3.51660883e+00
350 3.51493335e+00
351 3.51328243e+00
352 3.51246554e+00
353 3.51044097e+00
354 3.50895785e+00
355 3.50762129e+00
356 3.50647339e+00
357 3.50608084e+00
358 3.50308080e+00
359 3.50181434e+00
360 3.50063641e+00
361 3.49938059e+00
362 3.49801194e+00
363 3.49651709e+00
364 3.49489691e+00
365 3.49320218e+00
366 3.49174467e+00
367 3.49018262e+00
368 3.48885832e+00
369 3.48751064e+00
370 3.48609615e+00
371 3.48466794e+00
372 3.48352099e+00
373 3.48171574e+00
374 3.48051231e+00
375 3.47930138e+00
376 3.47799605e+00
377 3.47657322e+00
378 3.47502714e+00
379 3.47338401e+00
380 3.47181468e+00
381 3.47133134e+00
382 3.46910095e+00
383 3.46758653e+00
384 3.46627743e+00
385 3.46524503e+00
386 3.46518347e+00
387 3.46169784e+00
388 3.46037573e+00
389 3.45919560e+00
390 3.45794777e+00
391 3.45659140e+00
392 3.45511297e+00
393 3.45351766e+00
394 3.45187480e+00
395 3.45059006e+00
396 3.44890590e+00
397 3.44756245e+00
398 3.44622242e+00
399 3.44483644e+00
400 3.44347518e+00
401 3.44252634e+00
402 3.44048842e+00
403 3.43925896e+00
404 3.43804998e+00
405 3.43675445e+00
406 3.43534602e+00
407 3.43382133e+00
408 3.43221832e+00
409 3.43076282e+00
410 3.42928692e+00
411 3.42805270e+00
412 3.42677585e+00
413 3.42540298e+00
414 3.42392808e+00
415 3.42240021e+00
416 3.42108632e+00
417 3.41949425e+00
418 3.41826835e+00
419 3.41701781e+00
420 3.41567356e+00
421 3.41422128e+00
422 3.41268381e+00
423 3.41121064e+00
424 3.41060457e+00
425 3.40837801e+00
426 3.40690715e+00
427 3.40556240e+00
428 3.40425334e+00
429 3.40313575e+00
430 3.40297541e+00
431 3.39992882e+00
432 3.39854548e+00
433 3.39730957e+00
434 3.39601756e+00
435 3.39462948e+00
436 3.39315104e+00
437 3.39167185e+00
438 3.39065296e+00
439 3.38875932e+00
440 3.38744146e+00
441 3.38615387e+00
442 3.38479999e+00
443 3.38338121e+00
444 3.38200789e+00
445 3.38122833e+00
446 3.37906536e+00
447 3.37773832e+00
448 3.37647066e+00
449 3.37513858e+00
450 3.37372516e+00
451 3.37228925e+00
452 3.37113898e+00
453 3.36940616e+00
454 3.36819869e+00
455 3.36698532e+00
456 3.36568186e+00
457 3.36426784e+00
458 3.36274925e+00
459 3.36120199e+00
460 3.36004093e+00
461 3.35830630e+00
462 3.35699565e+00
463 3.35569775e+00
464 3.35433935e+00
465 3.35294764e+00
466 3.35172510e+00
467 3.35166236e+00
468 3.34881214e+00
469 3.34730317e+00
470 3.34597773e+00
471 3.34465143e+00
472 3.34333787e+00
473 3.34228384e+00
474 3.34045235e+00
475 3.33935130e+00
476 3.33823741e+00
477 3.33703011e+00
478 3.33570783e+00
479 3.33425811e+00
480 3.33267431e+00
481 3.33097161e+00
482 3.32928241e+00
483 3.32849630e+00
484 3.32666212e+00
485 3.32529196e+00
486 3.32418319e+00
487 3.32371999e+00
488 3.32073767e+00
489 3.31962075e+00
490 3.31855605e+00
491 3.31740836e+00
492 3.31615144e+00
493 3.31477150e+00
494 3.31325749e+00
495 3.31160391e+00
496 3.30983404e+00
497 3.30814286e+00
498 3.30795062e+00
499 3.30612051e+00
500 3.30497331e+00
501 3.30470554e+00
502 3.30081578e+00
503 3.29975550e+00
504 3.29875090e+00
505 3.29766320e+00
506 3.29646992e+00
507 3.29515831e+00
508 3.29371637e+00
509 3.29213213e+00
510 3.29039638e+00
511 3.28851939e+00
512 3.28664316e+00
513 3.28595834e+00
514 3.28451446e+00
515 3.28370083e+00
516 3.28064696e+00
517 3.27972412e+00
518 3.27878240e+00
519 3.27775212e+00
520 3.27661960e+00
521 3.27537399e+00
522 3.27400390e+00
523 3.27249689e+00
524 3.27083954e+00
525 3.26901807e+00
526 3.26702304e+00
527 3.26488472e+00
528 3.26299442e+00
529 3.26172819e+00
530 3.26066176e+00
531 3.26036806e+00
532 3.25738993e+00
533 3.25617151e+00
534 3.25504905e+00
535 3.25385463e+00
536 3.25255360e+00
537 3.25113311e+00
538 3.24959474e+00
539 3.24798998e+00
540 3.24663124e+00
541 3.24512215e+00
542 3.24385733e+00
543 3.24257483e+00
544 3.24123148e+00
545 3.23987959e+00
546 3.23880941e+00
547 3.23706313e+00
548 3.23591467e+00
549 3.23476214e+00
550 3.23352042e+00
551 3.23216710e+00
552 3.23069665e+00
553 3.22913406e+00
554 3.22764186e+00
555 3.22718046e+00
556 3.22505376e+00
557 3.22361013e+00
558 3.22236015e+00
559 3.22136450e+00
560 3.22126334e+00
561 3.21800112e+00
562 3.21675255e+00
563 3.21563169e+00
564 3.21444477e+00
565 3.21315383e+00
566 3.21174582e+00
567 3.21022416e+00
568 3.20864821e+00
569 3.20736957e+00
570 3.20580999e+00
571 3.20454171e+00
572 3.20326659e+00
573 3.20193891e+00
574 3.20061538e+00
575 3.19961573e+00
576 3.19779670e+00
577 3.19664609e+00
578 3.19549982e+00
579 3.19426714e+00
580 3.19292458e+00
581 3.19146707e+00
582 3.18992159e+00
583 3.18846015e+00
584 3.18808930e+00
585 3.18592279e+00
586 3.18446896e+00
587 3.18323221e+00
588 3.18226031e+00
589 3.18222805e+00
590 3.17887308e+00
591 3.17762807e+00
592 3.17651443e+00
593 3.17533632e+00
594 3.17405514e+00
595 3.17265783e+00
596 3.17114759e+00
597 3.16958287e+00
598 3.16830846e+00
599 3.16676491e+00
600 3.16550580e+00
601 3.16424023e+00
602 3.16292053e+00
603 3.16160173e+00
604 3.16058825e+00
605 3.15880930e+00
606 3.15767054e+00
607 3.15653394e+00
608 3.15531070e+00
609 3.15397791e+00
610 3.15252994e+00
611 3.15099129e+00
612 3.14952111e+00
613 3.14905609e+00
614 3.14695801e+00
615 3.14553362e+00
616 3.14429488e+00
617 3.14329123e+00
618 3.14311704e+00
619 3.14000397e+00
620 3.13878972e+00
621 3.13768920e+00
622 3.13652104e+00
623 3.13524936e+00
624 3.13386114e+00
625 3.13235771e+00
626 3.13078855e+00
627 3.12945369e+00
628 3.12797756e+00
629 3.12674296e+00
630 3.12548805e+00
631 3.12417040e+00
632 3.12283338e+00
633 3.12173383e+00
634 3.12008895e+00
635 3.11897930e+00
636 3.11785580e+00
637 3.11664259e+00
638 3.11531856e+00
639 3.11387687e+00
640 3.11233475e+00
641 3.11081796e+00
642 3.11007539e+00
643 3.10818424e+00
644 3.10680941e+00
645 3.10556580e+00
646 3.10447864e+00
647 3.10401993e+00
648 3.10137730e+00
649 3.10022905e+00
650 3.09914755e+00
651 3.09799072e+00
652 3.09672833e+00
653 3.09534768e+00
654 3.09384652e+00
655 3.09225801e+00
656 3.09079962e+00
657 3.08944762e+00
658 3.08824843e+00
659 3.08700632e+00
660 3.08568548e+00
661 3.08431384e+00
662 3.08307029e+00
663 3.08285670e+00
664 3.08035426e+00
665 3.07892440e+00
666 3.07765271e+00
667 3.07639433e+00
668 3.07520241e+00
669 3.07446128e+00
670 3.07232494e+00
671 3.07119537e+00
672 3.07009850e+00
673 3.06892157e+00
674 3.06763784e+00
675 3.06623706e+00
676 3.06472542e+00
677 3.06317452e+00
678 3.06201210e+00
679 3.06041733e+00
680 3.05914007e+00
681 3.05788353e+00
682 3.05661546e+00
683 3.05547020e+00
684 3.05509240e+00
685 3.05257535e+00
686 3.05129193e+00
687 3.05011635e+00
688 3.04888488e+00
689 3.04756649e+00
690 3.04617953e+00
691 3.04486030e+00
692 3.04430026e+00
693 3.04214439e+00
694 3.04079514e+00
695 3.03954796e+00
696 3.03828251e+00
697 3.03703637e+00
698 3.03608952e+00
699 3.03427404e+00
700 3.03319192e+00
701 3.03211146e+00
702 3.03094494e+00
703 3.02966977e+00
704 3.02827522e+00
705 3.02676206e+00
706 3.02517704e+00
707 3.02381859e+00
708 3.02238942e+00
709 3.02116070e+00
710 3.01991261e+00
711 3.01861912e+00
712 3.01736556e+00
713 3.01658657e+00
714 3.01457970e+00
715 3.01339394e+00
716 3.01224757e+00
717 3.01102787e+00
718 3.00970978e+00
719 3.00830071e+00
720 3.00688248e+00
721 3.00589091e+00
722 3.00415843e+00
723 3.00291499e+00
724 3.00169605e+00
725 3.00042216e+00
726 2.99910957e+00
727 2.99792379e+00
728 2.99766131e+00
729 2.99516287e+00
730 2.99379227e+00
731 2.99256279e+00
732 2.99130957e+00
733 2.99003111e+00
734 2.98887592e+00
735 2.98855935e+00
736 2.98605056e+00
737 2.98473541e+00
738 2.98353988e+00
739 2.98230083e+00
740 2.98099415e+00
741 2.97967629e+00
742 2.97864481e+00
743 2.97697028e+00
744 2.97584580e+00
745 2.97472041e+00
746 2.97351105e+00
747 2.97219685e+00
748 2.97077845e+00
749 2.96930576e+00
750 2.96806103e+00
751 2.96658875e+00
752 2.96540876e+00
753 2.96421021e+00
754 2.96293512e+00
755 2.96158933e+00
756 2.96027158e+00
757 2.95947872e+00
758 2.95754848e+00
759 2.95630696e+00
760 2.95511383e+00
761 2.95386300e+00
762 2.95254697e+00
763 2.95124922e+00
764 2.95038454e+00
765 2.94852316e+00
766 2.94733344e+00
767 2.94617521e+00
768 2.94494552e+00
769 2.94362527e+00
770 2.94224025e+00
771 2.94095181e+00
772 2.94059761e+00
773 2.93833410e+00
774 2.93694225e+00
775 2.93569484e+00
776 2.93447732e+00
777 2.93339752e+00
778 2.93303078e+00
779 2.93046457e+00
780 2.92925403e+00
781 2.92813947e+00
782 2.92696142e+00
783 2.92568624e+00
784 2.92430984e+00
785 2.92287076e+00
786 2.92158797e+00
787 2.92019505e+00
788 2.91906892e+00
789 2.91790999e+00
790 2.91666286e+00
791 2.91531752e+00
792 2.91390273e+00
793 2.91259056e+00
794 2.91231177e+00
795 2.91005968e+00
796 2.90864460e+00
797 2.90740388e+00
798 2.90626100e+00
799 2.90546234e+00
800 2.90340193e+00
801 2.90239852e+00
802 2.90139868e+00
803 2.90031456e+00
804 2.89912591e+00
805 2.89782045e+00
806 2.89638782e+00
807 2.89482273e+00
808 2.89314734e+00
809 2.89155120e+00
810 2.89144438e+00
811 2.88976876e+00
812 2.88877849e+00
813 2.88594869e+00
814 2.88513711e+00
815 2.88428676e+00
816 2.88335370e+00
817 2.88232754e+00
818 2.88119876e+00
819 2.87995705e+00
820 2.87859109e+00
821 2.87708847e+00
822 2.87543561e+00
823 2.87361801e+00
824 2.87162267e+00
825 2.86945897e+00
826 2.86737439e+00
827 2.86618627e+00
828 2.86521048e+00
829 2.86349283e+00
830 2.86252532e+00
831 2.86153700e+00
832 2.86046115e+00
833 2.85928047e+00
834 2.85798315e+00
835 2.85655837e+00
836 2.85499848e+00
837 2.85331404e+00
838 2.85162862e+00
839 2.85088967e+00
840 2.84937217e+00
841 2.84829206e+00
842 2.84781190e+00
843 2.84483752e+00
844 2.84386466e+00
845 2.84292198e+00
846 2.84189931e+00
847 2.84077706e+00
848 2.83954344e+00
849 2.83818720e+00
850 2.83669727e+00
851 2.83506569e+00
852 2.83330627e+00
853 2.83158077e+00
854 2.83124525e+00
855 2.82992535e+00
856 2.82935222e+00
857 2.82592149e+00
858 2.82502516e+00
859 2.82413613e+00
860 2.82316596e+00
861 2.82209988e+00
862 2.82092740e+00
863 2.81963773e+00
864 2.81821922e+00
865 2.81665946e+00
866 2.81494656e+00
867 2.81307802e+00
868 2.81112724e+00
869 2.80985390e+00
870 2.80875324e+00
871 2.80819416e+00
872 2.80541992e+00
873 2.80446828e+00
874 2.80353360e+00
875 2.80251792e+00
876 2.80140297e+00
877 2.80017723e+00
878 2.79882954e+00
879 2.79734862e+00
880 2.79572557e+00
881 2.79396880e+00
882 2.79220566e+00
883 2.79152111e+00
884 2.79021074e+00
885 2.78948371e+00
886 2.78661709e+00
887 2.78574921e+00
888 2.78486791e+00
889 2.78390428e+00
890 2.78284508e+00
891 2.78168009e+00
892 2.78039862e+00
893 2.77898906e+00
894 2.77743891e+00
895 2.77573567e+00
896 2.77387281e+00
897 2.77189514e+00
898 2.77031384e+00
899 2.76916674e+00
900 2.76833715e+00
901 2.76622769e+00
902 2.76531919e+00
903 2.76439510e+00
904 2.76338680e+00
905 2.76227915e+00
906 2.76106117e+00
907 2.75972173e+00
908 2.75824926e+00
909 2.75663314e+00
910 2.75487281e+00
911 2.75303924e+00
912 2.75178095e+00
913 2.75051879e+00
914 2.74955204e+00
915 2.74930540e+00
916 2.74623487e+00
917 2.74517466e+00
918 2.74418803e+00
919 2.74312876e+00
920 2.74196975e+00
921 2.74069786e+00
922 2.73930333e+00
923 2.73778338e+00
924 2.73617023e+00
925 2.73470390e+00
926 2.73341305e+00
927 2.73222295e+00
928 2.73100352e+00
929 2.72976458e+00
930 2.72867604e+00
931 2.72855125e+00
932 2.72594438e+00
933 2.72461361e+00
934 2.72343198e+00
935 2.72222407e+00
936 2.72097238e+00
937 2.71977258e+00
938 2.71909337e+00
939 2.71707853e+00
940 2.71590414e+00
941 2.71478350e+00
942 2.71359741e+00
943 2.71232217e+00
944 2.71097425e+00
945 2.70967498e+00
946 2.70905089e+00
947 2.70707308e+00
948 2.70578959e+00
949 2.70459148e+00
950 2.70337600e+00
951 2.70218925e+00
952 2.70133451e+00
953 2.69951404e+00
954 2.69845492e+00
955 2.69740735e+00
956 2.69627932e+00
957 2.69504777e+00
958 2.69370323e+00
959 2.69225129e+00
960 2.69075910e+00
961 2.68963339e+00
962 2.68811955e+00
963 2.68689956e+00
964 2.68569744e+00
965 2.68449019e+00
966 2.68341892e+00
967 2.68316713e+00
968 2.68063445e+00
969 2.67938103e+00
970 2.67824646e+00
971 2.67706453e+00
972 2.67580457e+00
973 2.67449196e+00
974 2.67328981e+00
975 2.67302440e+00
976 2.67071020e+00
977 2.66936064e+00
978 2.66815256e+00
979 2.66695488e+00
980 2.66582153e+00
981 2.66512487e+00
982 2.66308224e+00
983 2.66200250e+00
984 2.66095595e+00
985 2.65983368e+00
986 2.65860996e+00
987 2.65727531e+00
988 2.65583706e+00
989 2.65437001e+00
990 2.65331715e+00
991 2.65175688e+00
992 2.65052921e+00
993 2.64933203e+00
994 2.64813512e+00
995 2.64708338e+00
996 2.64686700e+00
997 2.64429471e+00
998 2.64303987e+00
999 2.64191104e+00
1000 2.64073549e+00
1001 2.63948169e+00
1002 2.63817187e+00
1003 2.63695819e+00
1004 2.63660609e+00
1005 2.63437933e+00
1006 2.63305302e+00
1007 2.63185508e+00
1008 2.63065563e+00
1009 2.62949932e+00
1010 2.62870340e+00
1011 2.62681429e+00
1012 2.62576091e+00
1013 2.62472551e+00
1014 2.62361132e+00
1015 2.62239473e+00
1016 2.62106571e+00
1017 2.61962748e+00
1018 2.61813592e+00
1019 2.61693405e+00
1020 2.61549619e+00
1021 2.61430532e+00
1022 2.61311342e+00
1023 2.61189286e+00
1024 2.61074349e+00
1025 2.61016347e+00
1026 2.60804315e+00
1027 2.60687684e+00
1028 2.60577430e+00
1029 2.60460858e+00
1030 2.60335312e+00
1031 2.60201839e+00
1032 2.60069948e+00
1033 2.59989201e+00
1034 2.59810241e+00
1035 2.59688495e+00
1036 2.59571436e+00
1037 2.59450206e+00
1038 2.59326778e+00
1039 2.59219779e+00
1040 2.59218071e+00
1041 2.58954358e+00
1042 2.58818370e+00
1043 2.58699709e+00
1044 2.58580155e+00
1045 2.58459579e+00
1046 2.58354241e+00
1047 2.58341706e+00
1048 2.58081059e+00
1049 2.57951638e+00
1050 2.57836519e+00
1051 2.57718061e+00
1052 2.57593728e+00
1053 2.57469501e+00
1054 2.57376571e+00
1055 2.57209180e+00
1056 2.57100620e+00
1057 2.56992849e+00
1058 2.56877260e+00
1059 2.56751749e+00
1060 2.56616418e+00
1061 2.56476281e+00
1062 2.56359397e+00
1063 2.56216416e+00
1064 2.56103222e+00
1065 2.55988575e+00
1066 2.55866693e+00
1067 2.55738048e+00
1068 2.55611937e+00
1069 2.55535041e+00
1070 2.55351135e+00
1071 2.55232724e+00
1072 2.55118751e+00
1073 2.54999086e+00
1074 2.54872867e+00
1075 2.54747365e+00
1076 2.54659121e+00
1077 2.54487016e+00
1078 2.54374580e+00
1079 2.54264193e+00
1080 2.54146629e+00
1081 2.54020046e+00
1082 2.53886374e+00
1083 2.53758633e+00
1084 2.53704890e+00
1085 2.53504895e+00
1086 2.53375959e+00
1087 2.53257194e+00
1088 2.53138804e+00
1089 2.53028507e+00
1090 2.52969623e+00
1091 2.52755778e+00
1092 2.52645008e+00
1093 2.52539588e+00
1094 2.52427201e+00
1095 2.52305071e+00
1096 2.52172567e+00
1097 2.52031967e+00
1098 2.51897806e+00
1099 2.51853253e+00
1100 2.51656055e+00
1101 2.51523616e+00
1102 2.51406359e+00
1103 2.51303733e+00
1104 2.51253746e+00
1105 2.51014399e+00
1106 2.50910104e+00
1107 2.50810775e+00
1108 2.50704104e+00
1109 2.50587500e+00
1110 2.50459733e+00
1111 2.50320179e+00
1112 2.50170079e+00
1113 2.50020232e+00
1114 2.49940820e+00
1115 2.49777302e+00
1116 2.49652269e+00
1117 2.49543494e+00
1118 2.49468397e+00
1119 2.49260011e+00
1120 2.49167302e+00
1121 2.49074449e+00
1122 2.48973478e+00
1123 2.48862654e+00
1124 2.48740842e+00
1125 2.48606959e+00
1126 2.48460009e+00
1127 2.48299659e+00
1128 2.48129793e+00
1129 2.47983672e+00
1130 2.47856576e+00
1131 2.47739044e+00
1132 2.47629250e+00
1133 2.47554592e+00
1134 2.47357349e+00
1135 2.47258366e+00
1136 2.47160523e+00
1137 2.47054730e+00
1138 2.46938864e+00
1139 2.46811740e+00
1140 2.46672542e+00
1141 2.46521607e+00
1142 2.46365288e+00
1143 2.46247318e+00
1144 2.46105523e+00
1145 2.45985043e+00
1146 2.45870126e+00
1147 2.45770546e+00
1148 2.45742670e+00
1149 2.45485209e+00
1150 2.45370080e+00
1151 2.45264820e+00
1152 2.45153534e+00
1153 2.45032897e+00
1154 2.44902222e+00
1155 2.44763957e+00
1156 2.44633264e+00
1157 2.44595417e+00
1158 2.44392912e+00
1159 2.44260088e+00
1160 2.44142826e+00
1161 2.44038543e+00
1162 2.43980132e+00
1163 2.43755061e+00
1164 2.43653947e+00
1165 2.43556275e+00
1166 2.43451039e+00
1167 2.43335878e+00
1168 2.43209575e+00
1169 2.43071344e+00
1170 2.42921662e+00
1171 2.42767471e+00
1172 2.42655525e+00
1173 2.42510849e+00
1174 2.42389939e+00
1175 2.42275617e+00
1176 2.42176889e+00
1177 2.42150099e+00
1178 2.41890635e+00
1179 2.41776488e+00
1180 2.41671980e+00
1181 2.41561405e+00
1182 2.41441445e+00
1183 2.41311325e+00
1184 2.41173054e+00
1185 2.41039788e+00
1186 2.40985543e+00
1187 2.40795653e+00
1188 2.40666065e+00
1189 2.40548872e+00
1190 2.40440406e+00
1191 2.40367123e+00
1192 2.40168170e+00
1193 2.40070582e+00
1194 2.39974061e+00
1195 2.39869621e+00
1196 2.39755197e+00
1197 2.39629604e+00
1198 2.39491954e+00
1199 2.39342212e+00
1200 2.39184830e+00
1201 2.39051838e+00
1202 2.38919944e+00
1203 2.38802108e+00
1204 2.38685125e+00
1205 2.38574286e+00
1206 2.38505024e+00
1207 2.38307445e+00
1208 2.38202264e+00
1209 2.38100234e+00
1210 2.37990776e+00
1211 2.37871404e+00
1212 2.37741175e+00
1213 2.37600734e+00
1214 2.37457034e+00
1215 2.37351493e+00
1216 2.37201108e+00
1217 2.37081952e+00
1218 2.36965055e+00
1219 2.36847588e+00
1220 2.36742475e+00
1221 2.36712686e+00
1222 2.36471674e+00
1223 2.36351439e+00
1224 2.36241823e+00
1225 2.36127222e+00
1226 2.36004634e+00
1227 2.35875884e+00
1228 2.35754049e+00
1229 2.35705642e+00
1230 2.35500962e+00
1231 2.35374859e+00
1232 2.35258583e+00
1233 2.35140867e+00
1234 2.35025043e+00
1235 2.34937554e+00
1236 2.34767344e+00
1237 2.34666650e+00
1238 2.34566099e+00
1239 2.34457536e+00
1240 2.34338849e+00
1241 2.34209030e+00
1242 2.34068103e+00
1243 2.33920208e+00
1244 2.33791923e+00
1245 2.33660179e+00
1246 2.33546034e+00
1247 2.33429788e+00
1248 2.33308833e+00
1249 2.33190453e+00
1250 2.33111610e+00
1251 2.32932161e+00
1252 2.32822999e+00
1253 2.32716606e+00
1254 2.32603078e+00
1255 2.32480163e+00
1256 2.32348272e+00
1257 2.32213832e+00
1258 2.32111484e+00
1259 2.31959385e+00
1260 2.31845630e+00
1261 2.31732552e+00
1262 2.31613388e+00
1263 2.31489081e+00
1264 2.31371661e+00
1265 2.31320236e+00
1266 2.31114445e+00
1267 2.30993015e+00
1268 2.30879913e+00
1269 2.30762726e+00
1270 2.30640750e+00
1271 2.30523743e+00
1272 2.30459274e+00
1273 2.30264861e+00
1274 2.30149747e+00
1275 2.30040265e+00
1276 2.29924844e+00
1277 2.29801463e+00
1278 2.29673073e+00
1279 2.29557284e+00
1280 2.29544452e+00
1281 2.29312903e+00
1282 2.29177984e+00
1283 2.29060022e+00
1284 2.28946540e+00
1285 2.28848339e+00
1286 2.28823913e+00
1287 2.28567941e+00
1288 2.28452573e+00
1289 2.28347670e+00
1290 2.28237082e+00
1291 2.28117456e+00
1292 2.27988362e+00
1293 2.27853366e+00
1294 2.27732732e+00
1295 2.27601969e+00
1296 2.27496431e+00
1297 2.27387740e+00
1298 2.27270693e+00
1299 2.27144253e+00
1300 2.27010737e+00
1301 2.26884534e+00
1302 2.26843578e+00
1303 2.26642499e+00
1304 2.26512437e+00
1305 2.26395709e+00
1306 2.26285152e+00
1307 2.26199152e+00
1308 2.26024712e+00
1309 2.25932489e+00
1310 2.25839045e+00
1311 2.25737439e+00
1312 2.25625958e+00
1313 2.25503471e+00
1314 2.25368963e+00
1315 2.25221721e+00
1316 2.25062804e+00
1317 2.24904127e+00
1318 2.24836297e+00
1319 2.24691542e+00
1320 2.24587873e+00
1321 2.24540531e+00
1322 2.24261517e+00
1323 2.24170283e+00
1324 2.24081379e+00
1325 2.23984849e+00
1326 2.23878900e+00
1327 2.23762429e+00
1328 2.23634372e+00
1329 2.23493662e+00
1330 2.23339467e+00
1331 2.23172635e+00
1332 2.23005552e+00
1333 2.22943067e+00
1334 2.22817445e+00
1335 2.22747698e+00
1336 2.22473867e+00
1337 2.22391473e+00
1338 2.22307753e+00
1339 2.22216199e+00
1340 2.22115565e+00
1341 2.22004880e+00
1342 2.21883129e+00
1343 2.21749208e+00
1344 2.21601928e+00
1345 2.21440087e+00
1346 2.21262984e+00
1347 2.21074287e+00
1348 2.20917268e+00
1349 2.20806556e+00
1350 2.20720973e+00
1351 2.20535637e+00
1352 2.20450354e+00
1353 2.20362703e+00
1354 2.20266950e+00
1355 2.20161738e+00
1356 2.20046040e+00
1357 2.19918797e+00
1358 2.19778897e+00
1359 2.19625271e+00
1360 2.19457550e+00
1361 2.19280499e+00
1362 2.19140265e+00
1363 2.19021146e+00
1364 2.18920166e+00
1365 2.18865346e+00
1366 2.18631360e+00
1367 2.18535781e+00
1368 2.18442922e+00
1369 2.18342521e+00
1370 2.18232488e+00
1371 2.18111642e+00
1372 2.17978989e+00
1373 2.17833914e+00
1374 2.17677840e+00
1375 2.17524382e+00
1376 2.17473994e+00
1377 2.17322160e+00
1378 2.17217208e+00
1379 2.17169992e+00
1380 2.16885676e+00
1381 2.16795989e+00
1382 2.16708381e+00
1383 2.16613175e+00
1384 2.16508657e+00
1385 2.16393747e+00
1386 2.16267392e+00
1387 2.16128512e+00
1388 2.15976156e+00
1389 2.15810496e+00
1390 2.15639482e+00
1391 2.15532662e+00
1392 2.15409305e+00
1393 2.15318312e+00
1394 2.15297540e+00
1395 2.14995207e+00
1396 2.14894937e+00
1397 2.14801958e+00
1398 2.14702082e+00
1399 2.14592769e+00
1400 2.14472777e+00
1401 2.14341132e+00
1402 2.14197356e+00
1403 2.14043440e+00
1404 2.13895949e+00
1405 2.13874151e+00
1406 2.13711382e+00
1407 2.13607290e+00
1408 2.13569386e+00
1409 2.13256607e+00
1410 2.13166262e+00
1411 2.13079159e+00
1412 2.12984602e+00
1413 2.12880810e+00
1414 2.12766702e+00
1415 2.12641230e+00
1416 2.12503316e+00
1417 2.12351999e+00
1418 2.12187353e+00
1419 2.12016595e+00
1420 2.11903153e+00
1421 2.11780204e+00
1422 2.11685025e+00
1423 2.11650036e+00
1424 2.11374620e+00
1425 2.11277730e+00
1426 2.11185857e+00
1427 2.11086796e+00
1428 2.10978278e+00
1429 2.10859105e+00
1430 2.10728273e+00
1431 2.10585117e+00
1432 2.10430727e+00
1433 2.10276618e+00
1434 2.10207338e+00
1435 2.10059742e+00
1436 2.09950598e+00
1437 2.09883651e+00
1438 2.09646841e+00
1439 2.09561368e+00
1440 2.09475383e+00
1441 2.09381601e+00
1442 2.09278578e+00
1443 2.09165290e+00
1444 2.09040698e+00
1445 2.08903704e+00
1446 2.08753224e+00
1447 2.08588680e+00
1448 2.08413306e+00
1449 2.08260418e+00
1450 2.08142728e+00
1451 2.08034800e+00
1452 2.07951517e+00
1453 2.07774027e+00
1454 2.07685392e+00
1455 2.07595334e+00
1456 2.07497255e+00
1457 2.07389583e+00
1458 2.07271233e+00
1459 2.07141160e+00
1460 2.06998407e+00
1461 2.06842698e+00
1462 2.06678104e+00
1463 2.06539279e+00
1464 2.06415715e+00
1465 2.06302592e+00
1466 2.06199421e+00
1467 2.06137961e+00
1468 2.05930267e+00
1469 2.05832018e+00
1470 2.05736567e+00
1471 2.05633728e+00
1472 2.05521224e+00
1473 2.05397899e+00
1474 2.05263108e+00
1475 2.05117821e+00
1476 2.04971395e+00
1477 2.04885499e+00
1478 2.04733193e+00
1479 2.04614004e+00
1480 2.04508097e+00
1481 2.04431870e+00
1482 2.04239932e+00
1483 2.04151155e+00
1484 2.04061683e+00
1485 2.03964323e+00
1486 2.03857455e+00
1487 2.03739991e+00
1488 2.03610890e+00
1489 2.03469187e+00
1490 2.03314544e+00
1491 2.03150599e+00
1492 2.03008810e+00
1493 2.02886903e+00
1494 2.02773678e+00
1495 2.02667874e+00
1496 2.02595610e+00
1497 2.02406386e+00
1498 2.02310921e+00
1499 2.02216617e+00
1500 2.02114666e+00
1501 2.02003018e+00
1502 2.01880535e+00
1503 2.01746442e+00
1504 2.01601110e+00
1505 2.01450880e+00
1506 2.01339178e+00
1507 2.01201720e+00
1508 2.01085418e+00
1509 2.00975161e+00
1510 2.00880545e+00
1511 2.00858411e+00
1512 2.00603779e+00
1513 2.00492199e+00
1514 2.00390663e+00
1515 2.00283473e+00
1516 2.00167341e+00
1517 2.00041626e+00
1518 1.99908818e+00
1519 1.99784121e+00
1520 1.99752646e+00
1521 1.99554303e+00
1522 1.99425282e+00
1523 1.99312510e+00
1524 1.99212956e+00
1525 1.99159860e+00
1526 1.98937759e+00
1527 1.98840080e+00
1528 1.98746034e+00
1529 1.98644770e+00
1530 1.98533978e+00
1531 1.98412480e+00
1532 1.98279530e+00
1533 1.98135613e+00
1534 1.97987528e+00
1535 1.97880867e+00
1536 1.97740846e+00
1537 1.97624463e+00
1538 1.97514413e+00
1539 1.97419504e+00
1540 1.97393279e+00
1541 1.97144106e+00
1542 1.97034297e+00
1543 1.96933856e+00
1544 1.96827568e+00
1545 1.96712254e+00
1546 1.96587142e+00
1547 1.96454078e+00
1548 1.96325282e+00
1549 1.96269600e+00
1550 1.96089140e+00
1551 1.95965372e+00
1552 1.95852518e+00
1553 1.95747184e+00
1554 1.95672790e+00
1555 1.95488106e+00
1556 1.95395010e+00
1557 1.95302438e+00
1558 1.95202172e+00
1559 1.95092295e+00
1560 1.94971679e+00
1561 1.94839444e+00
1562 1.94695438e+00
1563 1.94543336e+00
1564 1.94410344e+00
1565 1.94286729e+00
1566 1.94174114e+00
1567 1.94061036e+00
1568 1.93951461e+00
1569 1.93874540e+00
1570 1.93699589e+00
1571 1.93600848e+00
1572 1.93503429e+00
1573 1.93398534e+00
1574 1.93283980e+00
1575 1.93158823e+00
1576 1.93023331e+00
1577 1.92882587e+00
1578 1.92767918e+00
1579 1.92633855e+00
1580 1.92522001e+00
1581 1.92409848e+00
1582 1.92294719e+00
1583 1.92185738e+00
1584 1.92127980e+00
1585 1.91932416e+00
1586 1.91823236e+00
1587 1.91719682e+00
1588 1.91610051e+00
1589 1.91491896e+00
1590 1.91366085e+00
1591 1.91241075e+00
1592 1.91160956e+00
1593 1.90996621e+00
1594 1.90882942e+00
1595 1.90773079e+00
1596 1.90658885e+00
1597 1.90541999e+00
1598 1.90438427e+00
1599 1.90425278e+00
1600 1.90188633e+00
1601 1.90063686e+00
1602 1.89952799e+00
1603 1.89840261e+00
1604 1.89725615e+00
1605 1.89622252e+00
1606 1.89593826e+00
1607 1.89367693e+00
1608 1.89249552e+00
1609 1.89142346e+00
1610 1.89031104e+00
1611 1.88913557e+00
1612 1.88794152e+00
1613 1.88697175e+00
1614 1.88551871e+00
1615 1.88452147e+00
1616 1.88351534e+00
1617 1.88243157e+00
1618 1.88125184e+00
1619 1.87997436e+00
1620 1.87863292e+00
1621 1.87742781e+00
1622 1.87618906e+00
1623 1.87515159e+00
1624 1.87408156e+00
1625 1.87293459e+00
1626 1.87171012e+00
1627 1.87046742e+00
1628 1.86951444e+00
1629 1.86803387e+00
1630 1.86697411e+00
1631 1.86591836e+00
1632 1.86479447e+00
1633 1.86359263e+00
1634 1.86235329e+00
1635 1.86129635e+00
1636 1.85994723e+00
1637 1.85894496e+00
1638 1.85792367e+00
1639 1.85682351e+00
1640 1.85562916e+00
1641 1.85434661e+00
1642 1.85304233e+00
1643 1.85208262e+00
1644 1.85060945e+00
1645 1.84949981e+00
1646 1.84840418e+00
1647 1.84726352e+00
1648 1.84610878e+00
1649 1.84514804e+00
1650 1.84370992e+00
1651 1.84275756e+00
1652 1.84179041e+00
1653 1.84074382e+00
1654 1.83959955e+00
1655 1.83834903e+00
1656 1.83699574e+00
1657 1.83559441e+00
1658 1.83448625e+00
1659 1.83314002e+00
1660 1.83202099e+00
1661 1.83090974e+00
1662 1.82979083e+00
1663 1.82880120e+00
1664 1.82859117e+00
1665 1.82623987e+00
1666 1.82506774e+00
1667 1.82401281e+00
1668 1.82291720e+00
1669 1.82175387e+00
1670 1.82055336e+00
1671 1.81949842e+00
1672 1.81818577e+00
1673 1.81722951e+00
1674 1.81624764e+00
1675 1.81518436e+00
1676 1.81402299e+00
1677 1.81275762e+00
1678 1.81140236e+00
1679 1.81006310e+00
1680 1.80937870e+00
1681 1.80775697e+00
1682 1.80656334e+00
1683 1.80548054e+00
1684 1.80454324e+00
1685 1.80418879e+00
1686 1.80181839e+00
1687 1.80080099e+00
1688 1.79985073e+00
1689 1.79883648e+00
1690 1.79773070e+00
1691 1.79652244e+00
1692 1.79521149e+00
1693 1.79383443e+00
1694 1.79262020e+00
1695 1.79138537e+00
1696 1.79032294e+00
1697 1.78923423e+00
1698 1.78808526e+00
1699 1.78690967e+00
1700 1.78590680e+00
1701 1.78454244e+00
1702 1.78358741e+00
1703 1.78261356e+00
1704 1.78156019e+00
1705 1.78040985e+00
1706 1.77915619e+00
1707 1.77781165e+00
1708 1.77647348e+00
1709 1.77572634e+00
1710 1.77414888e+00
1711 1.77297296e+00
1712 1.77188602e+00
1713 1.77090774e+00
1714 1.77039005e+00
1715 1.76828177e+00
1716 1.76730596e+00
1717 1.76637199e+00
1718 1.76536955e+00
1719 1.76427455e+00
1720 1.76307602e+00
1721 1.76177044e+00
1722 1.76037946e+00
1723 1.75905555e+00
1724 1.75877930e+00
1725 1.75703972e+00
1726 1.75585086e+00
1727 1.75496561e+00
1728 1.75471794e+00
1729 1.75190319e+00
1730 1.75095926e+00
1731 1.75007673e+00
1732 1.74912719e+00
1733 1.74808755e+00
1734 1.74694616e+00
1735 1.74569355e+00
1736 1.74432395e+00
1737 1.74285052e+00
1738 1.74139792e+00
1739 1.74087125e+00
1740 1.73940919e+00
1741 1.73837493e+00
1742 1.73779891e+00
1743 1.73535238e+00
1744 1.73452503e+00
1745 1.73370151e+00
1746 1.73280432e+00
1747 1.73181898e+00
1748 1.73073563e+00
1749 1.72954435e+00
1750 1.72823473e+00
1751 1.72679662e+00
1752 1.72522550e+00
1753 1.72355763e+00
1754 1.72215081e+00
1755 1.72101836e+00
1756 1.72000108e+00
1757 1.71926084e+00
1758 1.71745030e+00
1759 1.71659616e+00
1760 1.71573519e+00
1761 1.71479860e+00
1762 1.71377073e+00
1763 1.71264112e+00
1764 1.71139989e+00
1765 1.71003811e+00
1766 1.70855407e+00
1767 1.70699098e+00
1768 1.70570786e+00
1769 1.70451407e+00
1770 1.70343524e+00
1771 1.70246788e+00
1772 1.70193289e+00
1773 1.69986347e+00
1774 1.69891745e+00
1775 1.69800626e+00
1776 1.69702596e+00
1777 1.69595403e+00
1778 1.69477937e+00
1779 1.69349600e+00
1780 1.69211407e+00
1781 1.69072644e+00
1782 1.68994082e+00
1783 1.68847116e+00
1784 1.68733012e+00
1785 1.68632394e+00
1786 1.68560544e+00
1787 1.68375676e+00
1788 1.68291082e+00
1789 1.68205966e+00
1790 1.68113364e+00
1791 1.68011731e+00
1792 1.67900034e+00
1793 1.67777285e+00
1794 1.67642566e+00
1795 1.67495529e+00
1796 1.67339468e+00
1797 1.67203040e+00
1798 1.67087562e+00
1799 1.66979779e+00
1800 1.66878004e+00
1801 1.66805422e+00
1802 1.66631854e+00
1803 1.66542031e+00
1804 1.66452669e+00
1805 1.66355942e+00
1806 1.66249988e+00
1807 1.66133732e+00
1808 1.66006405e+00
1809 1.65868171e+00
1810 1.65724122e+00
1811 1.65609863e+00
1812 1.65483797e+00
1813 1.65374313e+00
1814 1.65268217e+00
1815 1.65172908e+00
1816 1.65132815e+00
1817 1.64917905e+00
1818 1.64815893e+00
1819 1.64720556e+00
1820 1.64619224e+00
1821 1.64509144e+00
1822 1.64389602e+00
1823 1.64262202e+00
1824 1.64137902e+00
1825 1.64078987e+00
1826 1.63912150e+00
1827 1.63795382e+00
1828 1.63688120e+00
1829 1.63587673e+00
1830 1.63516540e+00
1831 1.63341820e+00
1832 1.63253067e+00
1833 1.63164822e+00
1834 1.63069270e+00
1835 1.62964581e+00
1836 1.62849688e+00
1837 1.62723774e+00
1838 1.62586785e+00
1839 1.62442631e+00
1840 1.62319674e+00
1841 1.62200129e+00
1842 1.62092642e+00
1843 1.61985713e+00
1844 1.61883930e+00
1845 1.61818968e+00
1846 1.61641133e+00
1847 1.61545580e+00
1848 1.61452576e+00
1849 1.61352753e+00
1850 1.61243881e+00
1851 1.61125102e+00
1852 1.60996955e+00
1853 1.60865528e+00
1854 1.60767190e+00
1855 1.60631879e+00
1856 1.60523679e+00
1857 1.60417223e+00
1858 1.60309818e+00
1859 1.60212688e+00
1860 1.60180099e+00
1861 1.59967380e+00
1862 1.59859039e+00
1863 1.59759640e+00
1864 1.59655474e+00
1865 1.59543891e+00
1866 1.59426330e+00
1867 1.59313729e+00
1868 1.59261712e+00
1869 1.59083253e+00
1870 1.58970332e+00
1871 1.58865124e+00
1872 1.58757838e+00
1873 1.58651042e+00
1874 1.58565878e+00
1875 1.58419742e+00
1876 1.58329548e+00
1877 1.58238650e+00
1878 1.58140323e+00
1879 1.58032766e+00
1880 1.57915052e+00
1881 1.57787033e+00
1882 1.57651677e+00
1883 1.57528900e+00
1884 1.57414641e+00
1885 1.57312642e+00
1886 1.57207463e+00
1887 1.57096885e+00
1888 1.56985833e+00
1889 1.56900471e+00
1890 1.56755396e+00
1891 1.56659857e+00
1892 1.56564503e+00
1893 1.56462097e+00
1894 1.56350815e+00
1895 1.56230635e+00
1896 1.56105453e+00
1897 1.55997472e+00
1898 1.55875015e+00
1899 1.55775883e+00
1900 1.55674669e+00
1901 1.55566668e+00
1902 1.55452022e+00
1903 1.55337551e+00
1904 1.55257878e+00
1905 1.55107472e+00
1906 1.55005380e+00
1907 1.54905364e+00
1908 1.54799555e+00
1909 1.54687062e+00
1910 1.54572679e+00
1911 1.54481502e+00
1912 1.54344694e+00
1913 1.54248559e+00
1914 1.54152004e+00
1915 1.54048442e+00
1916 1.53936341e+00
1917 1.53816609e+00
1918 1.53697072e+00
1919 1.53619771e+00
1920 1.53469552e+00
1921 1.53362506e+00
1922 1.53259023e+00
1923 1.53152577e+00
1924 1.53046934e+00
1925 1.52966128e+00
1926 1.52817718e+00
1927 1.52726428e+00
1928 1.52635220e+00
1929 1.52536881e+00
1930 1.52429523e+00
1931 1.52312384e+00
1932 1.52186101e+00
1933 1.52057185e+00
1934 1.51964865e+00
1935 1.51829969e+00
1936 1.51722937e+00
1937 1.51618866e+00
1938 1.51516179e+00
1939 1.51430630e+00
1940 1.51290330e+00
1941 1.51206681e+00
1942 1.51121232e+00
1943 1.51028333e+00
1944 1.50926462e+00
1945 1.50814619e+00
1946 1.50691980e+00
1947 1.50558319e+00
1948 1.50416651e+00
1949 1.50290192e+00
1950 1.50178489e+00
1951 1.50075104e+00
1952 1.49970861e+00
1953 1.49870141e+00
1954 1.49801323e+00
1955 1.49638065e+00
1956 1.49546096e+00
1957 1.49455849e+00
1958 1.49358864e+00
1959 1.49253076e+00
1960 1.49137695e+00
1961 1.49013342e+00
1962 1.48886390e+00
1963 1.48794803e+00
1964 1.48661093e+00
1965 1.48555499e+00
1966 1.48452421e+00
1967 1.48349674e+00
1968 1.48260295e+00
1969 1.48246769e+00
1970 1.48019633e+00
1971 1.47910618e+00
1972 1.47813151e+00
1973 1.47711977e+00
1974 1.47604330e+00
1975 1.47492454e+00
1976 1.47390752e+00
1977 1.47371615e+00
1978 1.47169941e+00
1979 1.47053832e+00
1980 1.46950485e+00
1981 1.46848112e+00
1982 1.46751083e+00
1983 1.46690203e+00
1984 1.46517465e+00
1985 1.46425801e+00
1986 1.46336765e+00
1987 1.46241232e+00
1988 1.46137046e+00
1989 1.46023372e+00
1990 1.45900671e+00
1991 1.45774508e+00
1992 1.45678192e+00
1993 1.45550230e+00
1994 1.45447140e+00
1995 1.45345251e+00
1996 1.45241892e+00
1997 1.45146817e+00
1998 1.45107636e+00
1999 1.44913633e+00
2000 1.44811878e+00
2001 1.44717354e+00
2002 1.44617894e+00
2003 1.44511065e+00
2004 1.44397921e+00
2005 1.44287414e+00
2006 1.44225506e+00
2007 1.44066360e+00
2008 1.43961212e+00
2009 1.43861325e+00
2010 1.43758351e+00
2011 1.43654053e+00
2012 1.43564911e+00
2013 1.43436893e+00
2014 1.43352412e+00
2015 1.43266052e+00
2016 1.43172365e+00
2017 1.43069789e+00
2018 1.42957422e+00
2019 1.42834929e+00
2020 1.42704249e+00
2021 1.42579721e+00
2022 1.42557327e+00
2023 1.42402534e+00
2024 1.42297842e+00
2025 1.42229624e+00
2026 1.42025708e+00
2027 1.41954174e+00
2028 1.41880753e+00
2029 1.41800442e+00
2030 1.41712187e+00
2031 1.41615147e+00
2032 1.41508442e+00
2033 1.41391118e+00
2034 1.41262150e+00
2035 1.41120526e+00
2036 1.40965792e+00
2037 1.40802213e+00
2038 1.40677146e+00
2039 1.40584002e+00
2040 1.40522559e+00
2041 1.40332425e+00
2042 1.40256050e+00
2043 1.40179333e+00
2044 1.40095780e+00
2045 1.40004051e+00
2046 1.39903231e+00
2047 1.39792411e+00
2048 1.39670664e+00
2049 1.39537206e+00
2050 1.39392412e+00
2051 1.39244687e+00
2052 1.39167253e+00
2053 1.39061802e+00
2054 1.38993548e+00
2055 1.38789301e+00
2056 1.38719214e+00
2057 1.38647163e+00
2058 1.38568324e+00
2059 1.38481682e+00
2060 1.38386417e+00
2061 1.38281666e+00
2062 1.38166491e+00
2063 1.38039881e+00
2064 1.37900807e+00
2065 1.37748619e+00
2066 1.37586037e+00
2067 1.37446365e+00
2068 1.37350855e+00
2069 1.37274037e+00
2070 1.37265382e+00
2071 1.37018326e+00
2072 1.36922756e+00
2073 1.36836810e+00
2074 1.36745848e+00
2075 1.36646970e+00
2076 1.36539212e+00
2077 1.36422932e+00
2078 1.36303078e+00
2079 1.36208516e+00
2080 1.36086796e+00
2081 1.35989205e+00
2082 1.35891756e+00
2083 1.35790778e+00
2084 1.35691155e+00
2085 1.35619531e+00
2086 1.35474682e+00
2087 1.35385968e+00
2088 1.35298387e+00
2089 1.35204428e+00
2090 1.35102229e+00
2091 1.34991450e+00
2092 1.34874417e+00
2093 1.34765337e+00
2094 1.34746728e+00
2095 1.34574713e+00
2096 1.34462613e+00
2097 1.34368571e+00
2098 1.34296239e+00
2099 1.34138177e+00
2100 1.34066713e+00
2101 1.33993171e+00
2102 1.33912826e+00
2103 1.33824568e+00
2104 1.33727548e+00
2105 1.33620890e+00
2106 1.33503667e+00
2107 1.33374960e+00
2108 1.33234281e+00
2109 1.33084350e+00
2110 1.32953626e+00
2111 1.32854340e+00
2112 1.32763650e+00
2113 1.32696430e+00
2114 1.32540185e+00
2115 1.32464034e+00
2116 1.32387228e+00
2117 1.32303722e+00
2118 1.32212113e+00
2119 1.32111480e+00
2120 1.32000961e+00
2121 1.31879827e+00
2122 1.31748186e+00
2123 1.31611306e+00
2124 1.31510943e+00
2125 1.31401280e+00
2126 1.31307314e+00
2127 1.31230660e+00
2128 1.31213228e+00
2129 1.30982846e+00
2130 1.30893308e+00
2131 1.30811374e+00
2132 1.30724166e+00
2133 1.30629135e+00
2134 1.30525279e+00
2135 1.30412409e+00
2136 1.30292922e+00
2137 1.30182398e+00
2138 1.30179001e+00
2139 1.30015262e+00
2140 1.29909203e+00
2141 1.29833552e+00
2142 1.29817844e+00
2143 1.29558535e+00
2144 1.29476338e+00
2145 1.29400087e+00
2146 1.29318115e+00
2147 1.29228393e+00
2148 1.29129918e+00
2149 1.29021866e+00
2150 1.28903693e+00
2151 1.28776262e+00
2152 1.28648691e+00
2153 1.28587290e+00
2154 1.28465143e+00
2155 1.28373394e+00
2156 1.28311864e+00
2157 1.28129914e+00
2158 1.28060558e+00
2159 1.27990046e+00
2160 1.27913066e+00
2161 1.27828515e+00
2162 1.27735573e+00
2163 1.27633403e+00
2164 1.27521109e+00
2165 1.27397781e+00
2166 1.27262764e+00
2167 1.27117483e+00
2168 1.26979793e+00
2169 1.26884980e+00
2170 1.26792369e+00
2171 1.26708734e+00
2172 1.26672994e+00
2173 1.26488215e+00
2174 1.26399137e+00
2175 1.26315868e+00
2176 1.26227454e+00
2177 1.26131511e+00
2178 1.26027519e+00
2179 1.25917257e+00
2180 1.25812002e+00
2181 1.25775522e+00
2182 1.25620602e+00
2183 1.25516650e+00
2184 1.25424083e+00
2185 1.25341186e+00
2186 1.25293753e+00
2187 1.25118666e+00
2188 1.25038988e+00
2189 1.24961883e+00
2190 1.24878829e+00
2191 1.24787988e+00
2192 1.24688419e+00
2193 1.24579527e+00
2194 1.24461746e+00
2195 1.24340745e+00
2196 1.24254456e+00
2197 1.24139862e+00
2198 1.24044800e+00
2199 1.23955377e+00
2200 1.23879091e+00
2201 1.23861718e+00
2202 1.23653265e+00
2203 1.23563135e+00
2204 1.23481209e+00
2205 1.23394702e+00
2206 1.23300962e+00
2207 1.23199400e+00
2208 1.23091696e+00
2209 1.22988527e+00
2210 1.22949663e+00
2211 1.22798799e+00
2212 1.22697256e+00
2213 1.22605944e+00
2214 1.22521869e+00
2215 1.22465728e+00
2216 1.22309343e+00
2217 1.22233479e+00
2218 1.22158602e+00
2219 1.22077634e+00
2220 1.21988976e+00
2221 1.21891720e+00
2222 1.21785188e+00
2223 1.21669341e+00
2224 1.21547473e+00
2225 1.21443256e+00
2226 1.21342167e+00
2227 1.21251354e+00
2228 1.21160796e+00
2229 1.21073975e+00
2230 1.21015775e+00
2231 1.20870248e+00
2232 1.20790462e+00
2233 1.20712336e+00
2234 1.20628371e+00
2235 1.20536762e+00
2236 1.20436767e+00
2237 1.20328660e+00
2238 1.20216724e+00
2239 1.20126960e+00
2240 1.20018538e+00
2241 1.19929091e+00
2242 1.19839707e+00
2243 1.19748156e+00
2244 1.19661705e+00
2245 1.19616463e+00
2246 1.19459751e+00
2247 1.19373044e+00
2248 1.19290881e+00
2249 1.19203935e+00
2250 1.19110243e+00
2251 1.19010425e+00
2252 1.18910847e+00
2253 1.18844723e+00
2254 1.18717000e+00
2255 1.18627826e+00
2256 1.18541182e+00
2257 1.18450856e+00
2258 1.18357850e+00
2259 1.18273476e+00
2260 1.18252165e+00
2261 1.18076774e+00
2262 1.17980774e+00
2263 1.17894167e+00
2264 1.17805517e+00
2265 1.17714271e+00
2266 1.17629107e+00
2267 1.17591919e+00
2268 1.17431038e+00
2269 1.17341866e+00
2270 1.17258776e+00
2271 1.17171762e+00
2272 1.17079119e+00
2273 1.16983335e+00
2274 1.16898831e+00
2275 1.16796274e+00
2276 1.16720368e+00
2277 1.16642417e+00
2278 1.16558082e+00
2279 1.16466084e+00
2280 1.16366080e+00
2281 1.16259653e+00
2282 1.16157379e+00
2283 1.16122601e+00
2284 1.15983582e+00
2285 1.15887243e+00
2286 1.15804288e+00
2287 1.15740496e+00
2288 1.15601180e+00
2289 1.15536832e+00
2290 1.15470827e+00
2291 1.15398783e+00
2292 1.15319678e+00
2293 1.15232748e+00
2294 1.15137219e+00
2295 1.15032282e+00
2296 1.14917192e+00
2297 1.14791856e+00
2298 1.14660866e+00
2299 1.14566532e+00
2300 1.14477242e+00
2301 1.14406810e+00
2302 1.14381991e+00
2303 1.14178240e+00
2304 1.14104363e+00
2305 1.14034852e+00
2306 1.13960118e+00
2307 1.13878363e+00
2308 1.13788692e+00
2309 1.13690419e+00
2310 1.13583291e+00
2311 1.13469216e+00
2312 1.13362923e+00
2313 1.13274399e+00
2314 1.13191374e+00
2315 1.13105639e+00
2316 1.13017510e+00
2317 1.12936846e+00
2318 1.12910836e+00
2319 1.12747114e+00
2320 1.12657865e+00
2321 1.12576388e+00
2322 1.12492081e+00
2323 1.12403687e+00
2324 1.12316079e+00
2325 1.12254037e+00
2326 1.12131237e+00
2327 1.12053033e+00
2328 1.11976131e+00
2329 1.11894024e+00
2330 1.11805236e+00
2331 1.11710274e+00
2332 1.11614530e+00
2333 1.11546752e+00
2334 1.11432309e+00
2335 1.11349159e+00
2336 1.11267596e+00
2337 1.11182484e+00
2338 1.11095195e+00
2339 1.11017653e+00
2340 1.11007321e+00
2341 1.10833816e+00
2342 1.10740940e+00
2343 1.10658665e+00
2344 1.10575476e+00
2345 1.10491479e+00
2346 1.10418117e+00
2347 1.10409553e+00
2348 1.10229352e+00
2349 1.10139347e+00
2350 1.10059479e+00
2351 1.09977472e+00
2352 1.09891688e+00
2353 1.09806657e+00
2354 1.09745692e+00
2355 1.09626332e+00
2356 1.09550758e+00
2357 1.09476297e+00
2358 1.09396666e+00
2359 1.09310385e+00
2360 1.09217661e+00
2361 1.09122484e+00
2362 1.09046648e+00
2363 1.08944460e+00
2364 1.08866002e+00
2365 1.08787337e+00
2366 1.08704153e+00
2367 1.08616942e+00
2368 1.08533080e+00
2369 1.08488917e+00
2370 1.08354787e+00
2371 1.08272351e+00
2372 1.08194406e+00
2373 1.08113150e+00
2374 1.08028030e+00
2375 1.07944727e+00
2376 1.07891373e+00
2377 1.07767131e+00
2378 1.07689745e+00
2379 1.07614826e+00
2380 1.07535417e+00
2381 1.07450193e+00
2382 1.07360665e+00
2383 1.07276485e+00
2384 1.07247591e+00
2385 1.07106083e+00
2386 1.07017994e+00
2387 1.06937964e+00
2388 1.06858791e+00
2389 1.06785695e+00
2390 1.06748653e+00
2391 1.06601693e+00
2392 1.06527407e+00
2393 1.06457048e+00
2394 1.06382148e+00
2395 1.06300820e+00
2396 1.06212625e+00
2397 1.06118962e+00
2398 1.06028863e+00
2399 1.05993656e+00
2400 1.05866206e+00
2401 1.05779194e+00
2402 1.05701093e+00
2403 1.05630681e+00
2404 1.05589315e+00
2405 1.05444180e+00
2406 1.05377151e+00
2407 1.05312138e+00
2408 1.05242109e+00
2409 1.05165536e+00
2410 1.05081639e+00
2411 1.04989932e+00
2412 1.04890810e+00
2413 1.04789161e+00
2414 1.04717592e+00
2415 1.04620834e+00
2416 1.04540924e+00
2417 1.04466100e+00
2418 1.04403031e+00
2419 1.04391748e+00
2420 1.04212434e+00
2421 1.04136164e+00
2422 1.04067328e+00
2423 1.03994798e+00
2424 1.03916293e+00
2425 1.03831350e+00
2426 1.03741539e+00
2427 1.03656489e+00
2428 1.03629857e+00
2429 1.03499445e+00
2430 1.03413552e+00
2431 1.03337368e+00
2432 1.03268378e+00
2433 1.03225467e+00
2434 1.03088248e+00
2435 1.03024305e+00
2436 1.02961770e+00
2437 1.02894274e+00
2438 1.02820422e+00
2439 1.02739460e+00
2440 1.02650850e+00
2441 1.02554654e+00
2442 1.02454030e+00
2443 1.02370997e+00
2444 1.02284935e+00
2445 1.02209105e+00
2446 1.02134367e+00
2447 1.02064073e+00
2448 1.02021506e+00
2449 1.01892549e+00
2450 1.01825348e+00
2451 1.01760414e+00
2452 1.01690845e+00
2453 1.01615046e+00
2454 1.01532422e+00
2455 1.01443339e+00
2456 1.01351932e+00
2457 1.01282700e+00
2458 1.01189334e+00
2459 1.01114571e+00
2460 1.01040800e+00
2461 1.00966028e+00
2462 1.00897185e+00
2463 1.00868260e+00
2464 1.00728710e+00
2465 1.00655585e+00
2466 1.00587565e+00
2467 1.00515986e+00
2468 1.00439101e+00
2469 1.00357597e+00
2470 1.00277552e+00
2471 1.00230171e+00
2472 1.00118604e+00
2473 1.00043959e+00
2474 9.99725857e-01
2475 9.98987539e-01
2476 9.98234904e-01
2477 9.97574300e-01
2478 9.97513244e-01
2479 9.95955843e-01
2480 9.95146075e-01
2481 9.94432165e-01
2482 9.93708519e-01
2483 9.92970725e-01
2484 9.92299727e-01
2485 9.92082301e-01
2486 9.90668036e-01
2487 9.89922692e-01
2488 9.89241178e-01
2489 9.88532020e-01
2490 9.87780304e-01
2491 9.87009478e-01
2492 9.86351473e-01
2493 9.85479467e-01
2494 9.84856616e-01
2495 9.84222019e-01
2496 9.83536968e-01
2497 9.82790613e-01
2498 9.81980640e-01
2499 9.81121989e-01
2500 9.80309756e-01
2501 9.80108013e-01
2502 9.78928579e-01
2503 9.78136153e-01
2504 9.77468974e-01
2505 9.76976777e-01
2506 9.75789604e-01
2507 9.75266630e-01
2508 9.74733306e-01
2509 9.74151717e-01
2510 9.73513427e-01
2511 9.72812313e-01
2512 9.72042208e-01
2513 9.71196720e-01
2514 9.70270045e-01
2515 9.69261945e-01
2516 9.68211675e-01
2517 9.67475220e-01
2518 9.66754088e-01
2519 9.66193663e-01
2520 9.66014497e-01
2521 9.64335592e-01
2522 9.63740411e-01
2523 9.63182955e-01
2524 9.62584162e-01
2525 9.61929448e-01
2526 9.61211666e-01
2527 9.60425403e-01
2528 9.59568716e-01
2529 9.58656731e-01
2530 9.57805635e-01
2531 9.57099640e-01
2532 9.56437261e-01
2533 9.55752885e-01
2534 9.55048287e-01
2535 9.54398735e-01
2536 9.54164848e-01
2537 9.52887945e-01
2538 9.52183906e-01
2539 9.51537467e-01
2540 9.50867010e-01
2541 9.50162280e-01
2542 9.49458560e-01
2543 9.48937077e-01
2544 9.47996414e-01
2545 9.47382637e-01
2546 9.46774728e-01
2547 9.46124421e-01
2548 9.45420418e-01
2549 9.44665570e-01
2550 9.43896924e-01
2551 9.43314323e-01
2552 9.42452433e-01
2553 9.41805676e-01
2554 9.41163758e-01
2555 9.40489697e-01
2556 9.39791476e-01
2557 9.39147732e-01
2558 9.38940164e-01
2559 9.37701003e-01
2560 9.36997724e-01
2561 9.36356991e-01
2562 9.35700666e-01
2563 9.35027501e-01
2564 9.34408740e-01
2565 9.34185322e-01
2566 9.32945508e-01
2567 9.32273447e-01
2568 9.31655720e-01
2569 9.31013149e-01
2570 9.30333837e-01
2571 9.29643329e-01
2572 9.29079272e-01
2573 9.28252814e-01
2574 9.27680680e-01
2575 9.27103448e-01
2576 9.26482318e-01
2577 9.25807130e-01
2578 9.25077373e-01
2579 9.24313634e-01
2580 9.23635629e-01
2581 9.22922865e-01
2582 9.22331048e-01
2583 9.21723097e-01
2584 9.21073157e-01
2585 9.20381708e-01
2586 9.19685595e-01
2587 9.19173215e-01
2588 9.18310842e-01
2589 9.17708489e-01
2590 9.17113224e-01
2591 9.16482029e-01
2592 9.15809695e-01
2593 9.15121891e-01
2594 9.14554177e-01
2595 9.13772678e-01
2596 9.13208193e-01
2597 9.12637727e-01
2598 9.12025190e-01
2599 9.11361941e-01
2600 9.10652484e-01
2601 9.09938169e-01
2602 9.09442477e-01
2603 9.08595582e-01
2604 9.07975305e-01
2605 9.07369866e-01
2606 9.06743573e-01
2607 9.06115457e-01
2608 9.05609711e-01
2609 9.04789460e-01
2610 9.04263793e-01
2611 9.03734057e-01
2612 9.03162224e-01
2613 9.02538086e-01
2614 9.01857217e-01
2615 9.01122136e-01
2616 9.00364582e-01
2617 8.99778139e-01
2618 8.99036616e-01
2619 8.98428813e-01
2620 8.97828181e-01
2621 8.97225398e-01
2622 8.96693904e-01
2623 8.96583548e-01
2624 8.95310937e-01
2625 8.94683101e-01
2626 8.94118560e-01
2627 8.93532620e-01
2628 8.92910442e-01
2629 8.92266843e-01
2630 8.91692076e-01
2631 8.91638669e-01
2632 8.90431580e-01
2633 8.89751438e-01
2634 8.89155923e-01
2635 8.88574027e-01
2636 8.88038052e-01
2637 8.87757158e-01
2638 8.86676246e-01
2639 8.86138865e-01
2640 8.85627711e-01
2641 8.85082409e-01
2642 8.84489513e-01
2643 8.83844795e-01
2644 8.83153651e-01
2645 8.82459340e-01
2646 8.82011208e-01
2647 8.81214745e-01
2648 8.80614618e-01
2649 8.80040415e-01
2650 8.79475929e-01
2651 8.78999936e-01
2652 8.78987084e-01
2653 8.77644825e-01
2654 8.77030366e-01
2655 8.76490472e-01
2656 8.75932738e-01
2657 8.75340590e-01
2658 8.74725738e-01
2659 8.74165141e-01
2660 8.74042329e-01
2661 8.72947147e-01
2662 8.72315837e-01
2663 8.71752041e-01
2664 8.71190260e-01
2665 8.70649264e-01
2666 8.70273932e-01
2667 8.69394709e-01
2668 8.68907073e-01
2669 8.68427323e-01
2670 8.67911354e-01
2671 8.67348522e-01
2672 8.66734214e-01
2673 8.66069143e-01
2674 8.65374631e-01
2675 8.64782766e-01
2676 8.64151442e-01
2677 8.63613242e-01
2678 8.63067718e-01
2679 8.62501281e-01
2680 8.61946324e-01
2681 8.61569057e-01
2682 8.60740141e-01
2683 8.60235961e-01
2684 8.59743351e-01
2685 8.59217625e-01
2686 8.58648457e-01
2687 8.58036713e-01
2688 8.57406760e-01
2689 8.56891397e-01
2690 8.56232082e-01
2691 8.55720632e-01
2692 8.55205144e-01
2693 8.54658209e-01
2694 8.54080993e-01
2695 8.53512127e-01
2696 8.53144235e-01
2697 8.52346198e-01
2698 8.51825400e-01
2699 8.51321189e-01
2700 8.50790147e-01
2701 8.50227316e-01
2702 8.49657473e-01
2703 8.49208710e-01
2704 8.48515864e-01
2705 8.48036003e-01
2706 8.47555696e-01
2707 8.47041289e-01
2708 8.46485021e-01
2709 8.45890889e-01
2710 8.45294892e-01
2711 8.44889418e-01
2712 8.44167060e-01
2713 8.43645123e-01
2714 8.43137187e-01
2715 8.42611830e-01
2716 8.42083536e-01
2717 8.41651247e-01
2718 8.40974879e-01
2719 8.40537464e-01
2720 8.40095179e-01
2721 8.39617382e-01
2722 8.39095765e-01
2723 8.38526470e-01
2724 8.37910745e-01
2725 8.37270863e-01
2726 8.36745429e-01
2727 8.36151797e-01
2728 8.35650964e-01
2729 8.35149064e-01
2730 8.34637358e-01
2731 8.34164039e-01
2732 8.33962208e-01
2733 8.33030395e-01
2734 8.32531400e-01
2735 8.32067517e-01
2736 8.31580626e-01
2737 8.31059641e-01
2738 8.30512311e-01
2739 8.29992490e-01
2740 8.29773927e-01
2741 8.28929722e-01
2742 8.28401872e-01
2743 8.27914725e-01
2744 8.27422467e-01
2745 8.26941040e-01
2746 8.26586044e-01
2747 8.25863852e-01
2748 8.25442451e-01
2749 8.25024173e-01
2750 8.24573764e-01
2751 8.24082428e-01
2752 8.23546323e-01
2753 8.22966387e-01
2754 8.22362539e-01
2755 8.21857577e-01
2756 8.21301070e-01
2757 8.20830327e-01
2758 8.20355771e-01
2759 8.19866552e-01
2760 8.19396967e-01
2761 8.19118232e-01
2762 8.18339062e-01
2763 8.17889334e-01
2764 8.17457911e-01
2765 8.17000180e-01
2766 8.16506548e-01
2767 8.15979674e-01
2768 8.15449430e-01
2769 8.15072580e-01
2770 8.14433335e-01
2771 8.13973676e-01
2772 8.13522730e-01
2773 8.13050750e-01
2774 8.12562078e-01
2775 8.12109225e-01
2776 8.11945927e-01
2777 8.11090922e-01
2778 8.10605036e-01
2779 8.10159600e-01
2780 8.09700907e-01
2781 8.09225833e-01
2782 8.08773639e-01
2783 8.08534833e-01
2784 8.07761680e-01
2785 8.07313828e-01
2786 8.06890107e-01
2787 8.06444419e-01
2788 8.05968575e-01
2789 8.05473090e-01
2790 8.05021191e-01
2791 8.04935371e-01
2792 8.04074687e-01
2793 8.03567906e-01
2794 8.03119121e-01
2795 8.02682052e-01
2796 8.02288878e-01
2797 8.02125259e-01
2798 8.01248439e-01
2799 8.00829412e-01
2800 8.00438727e-01
2801 8.00024558e-01
2802 7.99575785e-01
2803 7.99090097e-01
2804 7.98576017e-01
2805 7.98086239e-01
2806 7.97917216e-01
2807 7.97196845e-01
2808 7.96714403e-01
2809 7.96285668e-01
2810 7.95901378e-01
2811 7.95678891e-01
2812 7.94876314e-01
2813 7.94510785e-01
2814 7.94156796e-01
2815 7.93775796e-01
2816 7.93359566e-01
2817 7.92903941e-01
2818 7.92406333e-01
2819 7.91868583e-01
2820 7.91315147e-01
2821 7.90908731e-01
2822 7.90395687e-01
2823 7.89966228e-01
2824 7.89558686e-01
2825 7.89203365e-01
2826 7.89088337e-01
2827 7.88198743e-01
2828 7.87800776e-01
2829 7.87434687e-01
2830 7.87047269e-01
2831 7.86627410e-01
2832 7.86172405e-01
2833 7.85688337e-01
2834 7.85215890e-01
2835 7.84983197e-01
2836 7.84355674e-01
2837 7.83916194e-01
2838 7.83510818e-01
2839 7.83126259e-01
2840 7.82835778e-01
2841 7.82218382e-01
2842 7.81892012e-01
2843 7.81564324e-01
2844 7.81209296e-01
2845 7.80820743e-01
2846 7.80394929e-01
2847 7.79928841e-01
2848 7.79421520e-01
2849 7.78882690e-01
2850 7.78387417e-01
2851 7.77973364e-01
2852 7.77584905e-01
2853 7.77187870e-01
2854 7.76790983e-01
2855 7.76467538e-01
2856 7.75945275e-01
2857 7.75616673e-01
2858 7.75284432e-01
2859 7.74925274e-01
2860 7.74532980e-01
2861 7.74104337e-01
2862 7.73638812e-01
2863 7.73146300e-01
2864 7.72693327e-01
2865 7.72288165e-01
2866 7.71922658e-01
2867 7.71544726e-01
2868 7.71146582e-01
2869 7.70743848e-01
2870 7.70420288e-01
2871 7.69925744e-01
2872 7.69589835e-01
2873 7.69252229e-01
2874 7.68889399e-01
2875 7.68495299e-01
2876 7.68069524e-01
2877 7.67623463e-01
2878 7.67223325e-01
2879 7.66813277e-01
2880 7.66470749e-01
2881 7.66118117e-01
2882 7.65740724e-01
2883 7.65338281e-01
2884 7.64929261e-01
2885 7.64609111e-01
2886 7.64134511e-01
2887 7.63792040e-01
2888 7.63449954e-01
2889 7.63085765e-01
2890 7.62696149e-01
2891 7.62292418e-01
2892 7.61936822e-01
2893 7.61521055e-01
2894 7.61203580e-01
2895 7.60878112e-01
2896 7.60527277e-01
2897 7.60146428e-01
2898 7.59736618e-01
2899 7.59314313e-01
2900 7.58971679e-01
2901 7.58541179e-01
2902 7.58200359e-01
2903 7.57857870e-01
2904 7.57497566e-01
2905 7.57125376e-01
2906 7.56787388e-01
2907 7.56707971e-01
2908 7.56025865e-01
2909 7.55644121e-01
2910 7.55301621e-01
2911 7.54955329e-01
2912 7.54608130e-01
2913 7.54314241e-01
2914 7.53872811e-01
2915 7.53592683e-01
2916 7.53306802e-01
2917 7.52996895e-01
2918 7.52657959e-01
2919 7.52286997e-01
2920 7.51882235e-01
2921 7.51446335e-01
2922 7.51005714e-01
2923 7.50738398e-01
2924 7.50305844e-01
2925 7.49961821e-01
2926 7.49662528e-01
2927 7.49474069e-01
2928 7.48858715e-01
2929 7.48591849e-01
2930 7.48328878e-01
2931 7.48044304e-01
2932 7.47732861e-01
2933 7.47391466e-01
2934 7.47017446e-01
2935 7.46608870e-01
2936 7.46167855e-01
2937 7.45720533e-01
2938 7.45462121e-01
2939 7.45069992e-01
2940 7.44762397e-01
2941 7.44549043e-01
2942 7.43961900e-01
2943 7.43726831e-01
2944 7.43487860e-01
2945 7.43227393e-01
2946 7.42941776e-01
2947 7.42628370e-01
2948 7.42284511e-01
2949 7.41907404e-01
2950 7.41494322e-01
2951 7.41043850e-01
2952 7.40564170e-01
2953 7.40138818e-01
2954 7.39821904e-01
2955 7.39527719e-01
2956 7.39293643e-01
2957 7.38836249e-01
2958 7.38600141e-01
2959 7.38359317e-01
2960 7.38097353e-01
2961 7.37810326e-01
2962 7.37495545e-01
2963 7.37150439e-01
2964 7.36772674e-01
2965 7.36361587e-01
2966 7.35926943e-01
2967 7.35551306e-01
2968 7.35232255e-01
2969 7.34936304e-01
2970 7.34661355e-01
2971 7.34479381e-01
2972 7.33977377e-01
2973 7.33728024e-01
2974 7.33483155e-01
2975 7.33219211e-01
2976 7.32930898e-01
2977 7.32615455e-01
2978 7.32271229e-01
2979 7.31899920e-01
2980 7.31520486e-01
2981 7.31258544e-01
2982 7.30897390e-01
2983 7.30600943e-01
2984 7.30326212e-01
2985 7.30102106e-01
2986 7.30093218e-01
2987 7.29388520e-01
2988 7.29100029e-01
2989 7.28844770e-01
2990 7.28577587e-01
2991 7.28289516e-01
2992 7.27979325e-01
2993 7.27654862e-01
2994 7.27360525e-01
2995 7.27340741e-01
2996 7.26810023e-01
2997 7.26484283e-01
2998 7.26209305e-01
2999 7.25976623e-01
3000 7.25877997e-01
3001 7.25286322e-01
3002 7.25045661e-01
3003 7.24818598e-01
3004 7.24575345e-01
3005 7.24309995e-01
3006 7.24019839e-01
3007 7.23703366e-01
3008 7.23362335e-01
3009 7.23014743e-01
3010 7.22777454e-01
3011 7.22437983e-01
3012 7.22162145e-01
3013 7.21904754e-01
3014 7.21685847e-01
3015 7.21633433e-01
3016 7.21036695e-01
3017 7.20781262e-01
3018 7.20549053e-01
3019 7.20303971e-01
3020 7.20038648e-01
3021 7.19751320e-01
3022 7.19445824e-01
3023 7.19147557e-01
3024 7.18998244e-01
3025 7.18603014e-01
3026 7.18326301e-01
3027 7.18070479e-01
3028 7.17826123e-01
3029 7.17635679e-01
3030 7.17259630e-01
3031 7.17056241e-01
3032 7.16850908e-01
3033 7.16628297e-01
3034 7.16384708e-01
3035 7.16117846e-01
3036 7.15825806e-01
3037 7.15507740e-01
3038 7.15168421e-01
3039 7.14846734e-01
3040 7.14831324e-01
3041 7.14496860e-01
3042 7.14305203e-01
3043 7.13724989e-01
3044 7.13563213e-01
3045 7.13394461e-01
3046 7.13209679e-01
3047 7.13006887e-01
3048 7.12784324e-01
3049 7.12540107e-01
3050 7.12272197e-01
3051 7.11978379e-01
3052 7.11656270e-01
3053 7.11303383e-01
3054 7.10917691e-01
3055 7.10502310e-01
3056 7.10113601e-01
3057 7.09891106e-01
3058 7.09720269e-01
3059 7.09365523e-01
3060 7.09180150e-01
3061 7.08993168e-01
3062 7.08790380e-01
3063 7.08568444e-01
3064 7.08325262e-01
3065 7.08059014e-01
3066 7.07768574e-01
3067 7.07456511e-01
3068 7.07147785e-01
3069 7.07028495e-01
3070 7.06741543e-01
3071 7.06541100e-01
3072 7.06454715e-01
3073 7.05898773e-01
3074 7.05722469e-01
3075 7.05551782e-01
3076 7.05366915e-01
3077 7.05164491e-01
3078 7.04942534e-01
3079 7.04699185e-01
3080 7.04432614e-01
3081 7.04141455e-01
3082 7.03827443e-01
3083 7.03513042e-01
3084 7.03385399e-01
3085 7.03149355e-01
3086 7.03009896e-01
3087 7.02525466e-01
3088 7.02374720e-01
3089 7.02220812e-01
3090 7.02052734e-01
3091 7.01868377e-01
3092 7.01666103e-01
3093 7.01444205e-01
3094 7.01200850e-01
3095 7.00934079e-01
3096 7.00641916e-01
3097 7.00323058e-01
3098 6.99982035e-01
3099 6.99675384e-01
3100 6.99473168e-01
3101 6.99297333e-01
3102 6.99223760e-01
3103 6.98795779e-01
3104 6.98610800e-01
3105 6.98437332e-01
3106 6.98252261e-01
3107 6.98050834e-01
3108 6.97831155e-01
3109 6.97592997e-01
3110 6.97341624e-01
3111 6.97110490e-01
3112 6.96898811e-01
3113 6.96711310e-01
3114 6.96517258e-01
3115 6.96311102e-01
3116 6.96096581e-01
3117 6.95898632e-01
3118 6.95841498e-01
3119 6.95476167e-01
3120 6.95261350e-01
3121 6.95067596e-01
3122 6.94873501e-01
3123 6.94684757e-01
3124 6.94546956e-01
3125 6.94258141e-01
3126 6.94092883e-01
3127 6.93929133e-01
3128 6.93752907e-01
3129 6.93560786e-01
3130 6.93351241e-01
3131 6.93124361e-01
3132 6.92886453e-01
3133 6.92677123e-01
3134 6.92469769e-01
3135 6.92289280e-01
3136 6.92104967e-01
3137 6.91912450e-01
3138 6.91720897e-01
3139 6.91578171e-01
3140 6.91318940e-01
3141 6.91153026e-01
3142 6.90988672e-01
3143 6.90812747e-01
3144 6.90622089e-01
3145 6.90416680e-01
3146 6.90202935e-01
3147 6.90016760e-01
3148 6.89811474e-01
3149 6.89644763e-01
3150 6.89474463e-01
3151 6.89292793e-01
3152 6.89099681e-01
3153 6.88904745e-01
3154 6.88757057e-01
3155 6.88521938e-01
3156 6.88356329e-01
3157 6.88192016e-01
3158 6.88017498e-01
3159 6.87831091e-01
3160 6.87638340e-01
3161 6.87469458e-01
3162 6.87269114e-01
3163 6.87117411e-01
3164 6.86962146e-01
3165 6.86794899e-01
3166 6.86613440e-01
3167 6.86418197e-01
3168 6.86216642e-01
3169 6.86050491e-01
3170 6.85848612e-01
3171 6.85687597e-01
3172 6.85525290e-01
3173 6.85354183e-01
3174 6.85176613e-01
3175 6.85012131e-01
3176 6.84956110e-01
3177 6.84651291e-01
3178 6.84475062e-01
3179 6.84314386e-01
3180 6.84150531e-01
3181 6.83984198e-01
3182 6.83836771e-01
3183 6.83809303e-01
3184 6.83472189e-01
3185 6.83298746e-01
3186 6.83143848e-01
3187 6.82984927e-01
3188 6.82819299e-01
3189 6.82656642e-01
3190 6.82545615e-01
3191 6.82309180e-01
3192 6.82162626e-01
3193 6.82019579e-01
3194 6.81867311e-01
3195 6.81703020e-01
3196 6.81527609e-01
3197 6.81350636e-01
3198 6.81222561e-01
3199 6.81015294e-01
3200 6.80864055e-01
3201 6.80715401e-01
3202 6.80560030e-01
3203 6.80399824e-01
3204 6.80253502e-01
3205 6.80211145e-01
3206 6.79920346e-01
3207 6.79758566e-01
3208 6.79612130e-01
3209 6.79462510e-01
3210 6.79309161e-01
3211 6.79167649e-01
3212 6.79112291e-01
3213 6.78835928e-01
3214 6.78685340e-01
3215 6.78546485e-01
3216 6.78401898e-01
3217 6.78248842e-01
3218 6.78092297e-01
3219 6.77959594e-01
3220 6.77782599e-01
3221 6.77656542e-01
3222 6.77528464e-01
3223 6.77390516e-01
3224 6.77240580e-01
3225 6.77078362e-01
3226 6.76907369e-01
3227 6.76748706e-01
3228 6.76726745e-01
3229 6.76481623e-01
3230 6.76322072e-01
3231 6.76192097e-01
3232 6.76103634e-01
3233 6.75849247e-01
3234 6.75745011e-01
3235 6.75640015e-01
3236 6.75525832e-01
3237 6.75400750e-01
3238 6.75263611e-01
3239 6.75113282e-01
3240 6.74948619e-01
3241 6.74768660e-01
3242 6.74573835e-01
3243 6.74374044e-01
3244 6.74254981e-01
3245 6.74114674e-01
3246 6.74016138e-01
3247 6.74013190e-01
3248 6.73632143e-01
3249 6.73513567e-01
3250 6.73406602e-01
3251 6.73292553e-01
3252 6.73168230e-01
3253 6.73032263e-01
3254 6.72883751e-01
3255 6.72722671e-01
3256 6.72553193e-01
3257 6.72403928e-01
3258 6.72264542e-01
3259 6.72139011e-01
3260 6.72011780e-01
3261 6.71883636e-01
3262 6.71773018e-01
3263 6.71766633e-01
3264 6.71488034e-01
3265 6.71349920e-01
3266 6.71228708e-01
3267 6.71105218e-01
3268 6.70977318e-01
3269 6.70853627e-01
3270 6.70776866e-01
3271 6.70581653e-01
3272 6.70465794e-01
3273 6.70354205e-01
3274 6.70235891e-01
3275 6.70108540e-01
3276 6.69973130e-01
3277 6.69838370e-01
3278 6.69749543e-01
3279 6.69578686e-01
3280 6.69459044e-01
3281 6.69343221e-01
3282 6.69223096e-01
3283 6.69100583e-01
3284 6.68992879e-01
3285 6.68982077e-01
3286 6.68733506e-01
3287 6.68603245e-01
3288 6.68488557e-01
3289 6.68372813e-01
3290 6.68255756e-01
3291 6.68151975e-01
3292 6.68130357e-01
3293 6.67891704e-01
3294 6.67770434e-01
3295 6.67661738e-01
3296 6.67549681e-01
3297 6.67431939e-01
3298 6.67313410e-01
3299 6.67219979e-01
3300 6.67071141e-01
3301 6.66971599e-01
3302 6.66871992e-01
3303 6.66765136e-01
3304 6.66649238e-01
3305 6.66524245e-01
3306 6.66393743e-01
3307 6.66278116e-01
3308 6.66156307e-01
3309 6.66055715e-01
3310 6.65952542e-01
3311 6.65842350e-01
3312 6.65725115e-01
3313 6.65606506e-01
3314 6.65515538e-01
3315 6.65374960e-01
3316 6.65274950e-01
3317 6.65175515e-01
3318 6.65069876e-01
3319 6.64957070e-01
3320 6.64840525e-01
3321 6.64738813e-01
3322 6.64617249e-01
3323 6.64525389e-01
3324 6.64431475e-01
3325 6.64330375e-01
3326 6.64220750e-01
3327 6.64102935e-01
3328 6.63981744e-01
3329 6.63883843e-01
3330 6.63759863e-01
3331 6.63662151e-01
3332 6.63564108e-01
3333 6.63461050e-01
3334 6.63354620e-01
3335 6.63257739e-01
3336 6.63233165e-01
3337 6.63040346e-01
3338 6.62932110e-01
3339 6.62834820e-01
3340 6.62736323e-01
3341 6.62637275e-01
3342 6.62552241e-01
3343 6.62549644e-01
3344 6.62331395e-01
3345 6.62223948e-01
3346 6.62129982e-01
3347 6.62034396e-01
3348 6.61935537e-01
3349 6.61840272e-01
3350 6.61782534e-01
3351 6.61629439e-01
3352 6.61539424e-01
3353 6.61452988e-01
3354 6.61361429e-01
3355 6.61262936e-01
3356 6.61158315e-01
3357 6.61054545e-01
3358 6.60987780e-01
3359 6.60853776e-01
3360 6.60760815e-01
3361 6.60671145e-01
3362 6.60578317e-01
3363 6.60483897e-01
3364 6.60401678e-01
3365 6.60397391e-01
3366 6.60200924e-01
3367 6.60099317e-01
3368 6.60010433e-01
3369 6.59920992e-01
3370 6.59830825e-01
3371 6.59751663e-01
3372 6.59738785e-01
3373 6.59549878e-01
3374 6.59455319e-01
3375 6.59371108e-01
3376 6.59284491e-01
3377 6.59193637e-01
3378 6.59102506e-01
3379 6.59031909e-01
3380 6.58914860e-01
3381 6.58837612e-01
3382 6.58760572e-01
3383 6.58677998e-01
3384 6.58588480e-01
3385 6.58492002e-01
3386 6.58391475e-01
3387 6.58303288e-01
3388 6.58208064e-01
3389 6.58130116e-01
3390 6.58050366e-01
3391 6.57965280e-01
3392 6.57874863e-01
3393 6.57783687e-01
3394 6.57715022e-01
3395 6.57604701e-01
3396 6.57527120e-01
3397 6.57450245e-01
3398 6.57368672e-01
3399 6.57281648e-01
3400 6.57191938e-01
3401 6.57114404e-01
3402 6.57019319e-01
3403 6.56948178e-01
3404 6.56875614e-01
3405 6.56797547e-01
3406 6.56712931e-01
3407 6.56622050e-01
3408 6.56528759e-01
3409 6.56454280e-01
3410 6.56357517e-01
3411 6.56281844e-01
3412 6.56206104e-01
3413 6.56126586e-01
3414 6.56044601e-01
3415 6.55970389e-01
3416 6.55953603e-01
3417 6.55802445e-01
3418 6.55718416e-01
3419 6.55643198e-01
3420 6.55567183e-01
3421 6.55490883e-01
3422 6.55425755e-01
3423 6.55425568e-01
3424 6.55254951e-01
3425 6.55171620e-01
3426 6.55098992e-01
3427 6.55025198e-01
3428 6.54948936e-01
3429 6.54875564e-01
3430 6.54831533e-01
3431 6.54712630e-01
3432 6.54643040e-01
3433 6.54576296e-01
3434 6.54505616e-01
3435 6.54429589e-01
3436 6.54348837e-01
3437 6.54268746e-01
3438 6.54217208e-01
3439 6.54113708e-01
3440 6.54041946e-01
3441 6.53972721e-01
3442 6.53901042e-01
3443 6.53828088e-01
3444 6.53764391e-01
3445 6.53760149e-01
3446 6.53609338e-01
3447 6.53531104e-01
3448 6.53462532e-01
3449 6.53393451e-01
3450 6.53323696e-01
3451 6.53262112e-01
3452 6.53250419e-01
3453 6.53106470e-01
3454 6.53033849e-01
3455 6.52968926e-01
3456 6.52902045e-01
3457 6.52831796e-01
3458 6.52761108e-01
3459 6.52705464e-01
3460 6.52616461e-01
3461 6.52557052e-01
3462 6.52497618e-01
3463 6.52433861e-01
3464 6.52364706e-01
3465 6.52290112e-01
3466 6.52212185e-01
3467 6.52142915e-01
3468 6.52070479e-01
3469 6.52010525e-01
3470 6.51948981e-01
3471 6.51883219e-01
3472 6.51813201e-01
3473 6.51742193e-01
3474 6.51686978e-01
3475 6.51604055e-01
3476 6.51544594e-01
3477 6.51485316e-01
3478 6.51422273e-01
3479 6.51354877e-01
3480 6.51285046e-01
3481 6.51223299e-01
3482 6.51151970e-01
3483 6.51097387e-01
3484 6.51041404e-01
3485 6.50981078e-01
3486 6.50915619e-01
3487 6.50845174e-01
3488 6.50772375e-01
3489 6.50711962e-01
3490 6.50639735e-01
3491 6.50581835e-01
3492 6.50523392e-01
3493 6.50461753e-01
3494 6.50397749e-01
3495 6.50338336e-01
3496 6.50317460e-01
3497 6.50208509e-01
3498 6.50145246e-01
3499 6.50087471e-01
3500 6.50028521e-01
3501 6.49968645e-01
3502 6.49915473e-01
3503 6.49905045e-01
3504 6.49784463e-01
3505 6.49722227e-01
3506 6.49666580e-01
3507 6.49609465e-01
3508 6.49549921e-01
3509 6.49491388e-01
3510 6.49451175e-01
3511 6.49366626e-01
3512 6.49314061e-01
3513 6.49262707e-01
3514 6.49208032e-01
3515 6.49149033e-01
3516 6.49086022e-01
3517 6.49022367e-01
3518 6.48975859e-01
3519 6.48901949e-01
3520 6.48847791e-01
3521 6.48794471e-01
3522 6.48738692e-01
3523 6.48681089e-01
3524 6.48628176e-01
3525 6.48611322e-01
3526 6.48508668e-01
3527 6.48451007e-01
3528 6.48398577e-01
3529 6.48344888e-01
3530 6.48289713e-01
3531 6.48238360e-01
3532 6.48216251e-01
3533 6.48119666e-01
3534 6.48066176e-01
3535 6.48016522e-01
3536 6.47964691e-01
3537 6.47909713e-01
3538 6.47853222e-01
3539 6.47804325e-01
3540 6.47742521e-01
3541 6.47697624e-01
3542 6.47651791e-01
3543 6.47602362e-01
3544 6.47548601e-01
3545 6.47490368e-01
3546 6.47428758e-01
3547 6.47370571e-01
3548 6.47356021e-01
3549 6.47272237e-01
3550 6.47215946e-01
3551 6.47168722e-01
3552 6.47134155e-01
3553 6.47049622e-01
3554 6.47012680e-01
3555 6.46975105e-01
3556 6.46934195e-01
3557 6.46889369e-01
3558 6.46840219e-01
3559 6.46786336e-01
3560 6.46727307e-01
3561 6.46662762e-01
3562 6.46592745e-01
3563 6.46520112e-01
3564 6.46470231e-01
3565 6.46420336e-01
3566 6.46381990e-01
3567 6.46370620e-01
3568 6.46253262e-01
3569 6.46212428e-01
3570 6.46174340e-01
3571 6.46133501e-01
3572 6.46088922e-01
3573 6.46040135e-01
3574 6.45986795e-01
3575 6.45928791e-01
3576 6.45867146e-01
3577 6.45809503e-01
3578 6.45762160e-01
3579 6.45717728e-01
3580 6.45671816e-01
3581 6.45624476e-01
3582 6.45580393e-01
3583 6.45561989e-01
3584 6.45479812e-01
3585 6.45433718e-01
3586 6.45391042e-01
3587 6.45346660e-01
3588 6.45299876e-01
3589 6.45252669e-01
3590 6.45215384e-01
3591 6.45157041e-01
3592 6.45117456e-01
3593 6.45077836e-01
3594 6.45035364e-01
3595 6.44989349e-01
3596 6.44939873e-01
3597 6.44888784e-01
3598 6.44846291e-01
3599 6.44794773e-01
3600 6.44753985e-01
3601 6.44712773e-01
3602 6.44669116e-01
3603 6.44623255e-01
3604 6.44578729e-01
3605 6.44552987e-01
3606 6.44486290e-01
3607 6.44444129e-01
3608 6.44403942e-01
3609 6.44361978e-01
3610 6.44317978e-01
3611 6.44274688e-01
3612 6.44245698e-01
3613 6.44183980e-01
3614 6.44144805e-01
3615 6.44106699e-01
3616 6.44066305e-01
3617 6.44022985e-01
3618 6.43977457e-01
3619 6.43934311e-01
3620 6.43917239e-01
3621 6.43848126e-01
3622 6.43804415e-01
3623 6.43764391e-01
3624 6.43724604e-01
3625 6.43687409e-01
3626 6.43666551e-01
3627 6.43596678e-01
3628 6.43560340e-01
3629 6.43525630e-01
3630 6.43488650e-01
3631 6.43448527e-01
3632 6.43405044e-01
3633 6.43358782e-01
3634 6.43313603e-01
3635 6.43291436e-01
3636 6.43232668e-01
3637 6.43191125e-01
3638 6.43153018e-01
3639 6.43117583e-01
3640 6.43093337e-01
3641 6.43030098e-01
3642 6.42998577e-01
3643 6.42967454e-01
3644 6.42933864e-01
3645 6.42897164e-01
3646 6.42857004e-01
3647 6.42813143e-01
3648 6.42765650e-01
3649 6.42716186e-01
3650 6.42676135e-01
3651 6.42633665e-01
3652 6.42596539e-01
3653 6.42560284e-01
3654 6.42526852e-01
3655 6.42508981e-01
3656 6.42442464e-01
3657 6.42409303e-01
3658 6.42377736e-01
3659 6.42344080e-01
3660 6.42307522e-01
3661 6.42267807e-01
3662 6.42225243e-01
3663 6.42182338e-01
3664 6.42153484e-01
3665 6.42105667e-01
3666 6.42069227e-01
3667 6.42034134e-01
3668 6.41999363e-01
3669 6.41969192e-01
3670 6.41964116e-01
3671 6.41887530e-01
3672 6.41851217e-01
3673 6.41818762e-01
3674 6.41785058e-01
3675 6.41749159e-01
3676 6.41711605e-01
3677 6.41676238e-01
3678 6.41662265e-01
3679 6.41602430e-01
3680 6.41565967e-01
3681 6.41532462e-01
3682 6.41498512e-01
3683 6.41464854e-01
3684 6.41438089e-01
3685 6.41391911e-01
3686 6.41363731e-01
3687 6.41335378e-01
3688 6.41304763e-01
3689 6.41271345e-01
3690 6.41234849e-01
3691 6.41195218e-01
3692 6.41153221e-01
3693 6.41114060e-01
3694 6.41111838e-01
3695 6.41059302e-01
3696 6.41025210e-01
3697 6.41003877e-01
3698 6.40935744e-01
3699 6.40913013e-01
3700 6.40889773e-01
3701 6.40864397e-01
3702 6.40836564e-01
3703 6.40806026e-01
3704 6.40772524e-01
3705 6.40735783e-01
3706 6.40695508e-01
3707 6.40651408e-01
3708 6.40603345e-01
3709 6.40552408e-01
3710 6.40510740e-01
3711 6.40481185e-01
3712 6.40458896e-01
3713 6.40408078e-01
3714 6.40385330e-01
3715 6.40362064e-01
3716 6.40336707e-01
3717 6.40308911e-01
3718 6.40278422e-01
3719 6.40244982e-01
3720 6.40208329e-01
3721 6.40168216e-01
3722 6.40124596e-01
3723 6.40078807e-01
3724 6.40043233e-01
3725 6.40012355e-01
3726 6.39986454e-01
3727 6.39972533e-01
3728 6.39912046e-01
3729 6.39887723e-01
3730 6.39864158e-01
3731 6.39838730e-01
3732 6.39810924e-01
3733 6.39780462e-01
3734 6.39747112e-01
3735 6.39710731e-01
3736 6.39671628e-01
3737 6.39632783e-01
3738 6.39615960e-01
3739 6.39579085e-01
3740 6.39552227e-01
3741 6.39536660e-01
3742 6.39475432e-01
3743 6.39454058e-01
3744 6.39432753e-01
3745 6.39409585e-01
3746 6.39384192e-01
3747 6.39356338e-01
3748 6.39325787e-01
3749 6.39292294e-01
3750 6.39255631e-01
3751 6.39215729e-01
3752 6.39173641e-01
3753 6.39139180e-01
3754 6.39110578e-01
3755 6.39085413e-01
3756 6.39068108e-01
3757 6.39020409e-01
3758 6.38998951e-01
3759 6.38977530e-01
3760 6.38954298e-01
3761 6.38928861e-01
3762 6.38900975e-01
3763 6.38870415e-01
3764 6.38836990e-01
3765 6.38800706e-01
3766 6.38762774e-01
3767 6.38732740e-01
3768 6.38703281e-01
3769 6.38677164e-01
3770 6.38654164e-01
3771 6.38642443e-01
3772 6.38590490e-01
3773 6.38567668e-01
3774 6.38545872e-01
3775 6.38522491e-01
3776 6.38496985e-01
3777 6.38469101e-01
3778 6.38438711e-01
3779 6.38406058e-01
3780 6.38373245e-01
3781 6.38353843e-01
3782 6.38319664e-01
3783 6.38292972e-01
3784 6.38269074e-01
3785 6.38250954e-01
3786 6.38210574e-01
3787 6.38191262e-01
3788 6.38171659e-01
3789 6.38150338e-01
3790 6.38126976e-01
3791 6.38101355e-01
3792 6.38073261e-01
3793 6.38042493e-01
3794 6.38008940e-01
3795 6.37973077e-01
3796 6.37939420e-01
3797 6.37914311e-01
3798 6.37889869e-01
3799 6.37865579e-01
3800 6.37844571e-01
3801 6.37841710e-01
3802 6.37787830e-01
3803 6.37762172e-01
3804 6.37739342e-01
3805 6.37715705e-01
3806 6.37690616e-01
3807 6.37664600e-01
3808 6.37640993e-01
3809 6.37636426e-01
3810 6.37589810e-01
3811 6.37563054e-01
3812 6.37539282e-01
3813 6.37515731e-01
3814 6.37493323e-01
3815 6.37478729e-01
3816 6.37440178e-01
3817 6.37419476e-01
3818 6.37399304e-01
3819 6.37377671e-01
3820 6.37354110e-01
3821 6.37328438e-01
3822 6.37300733e-01
3823 6.37272069e-01
3824 6.37248897e-01
3825 6.37221422e-01
3826 6.37198723e-01
3827 6.37176020e-01
3828 6.37152707e-01
3829 6.37130440e-01
3830 6.37117498e-01
3831 6.37079712e-01
3832 6.37058248e-01
3833 6.37037715e-01
3834 6.37015938e-01
3835 6.36992450e-01
3836 6.36967342e-01
3837 6.36941888e-01
3838 6.36922797e-01
3839 6.36893488e-01
3840 6.36871954e-01
3841 6.36850634e-01
3842 6.36828195e-01
3843 6.36804738e-01
3844 6.36782234e-01
3845 6.36770297e-01
3846 6.36734093e-01
3847 6.36712070e-01
3848 6.36691259e-01
3849 6.36669537e-01
3850 6.36646695e-01
3851 6.36623971e-01
3852 6.36607605e-01
3853 6.36576945e-01
3854 6.36556964e-01
3855 6.36537292e-01
3856 6.36516329e-01
3857 6.36493731e-01
3858 6.36469713e-01
3859 6.36445975e-01
3860 6.36431429e-01
3861 6.36400242e-01
3862 6.36378650e-01
3863 6.36357964e-01
3864 6.36336728e-01
3865 6.36315577e-01
3866 6.36298848e-01
3867 6.36270289e-01
3868 6.36252471e-01
3869 6.36234578e-01
3870 6.36215280e-01
3871 6.36194230e-01
3872 6.36171271e-01
3873 6.36146457e-01
3874 6.36120681e-01
3875 6.36099454e-01
3876 6.36075531e-01
3877 6.36055384e-01
3878 6.36035172e-01
3879 6.36014492e-01
3880 6.35995090e-01
3881 6.35985491e-01
3882 6.35949697e-01
3883 6.35930035e-01
3884 6.35911536e-01
3885 6.35892040e-01
3886 6.35871112e-01
3887 6.35848967e-01
3888 6.35827326e-01
3889 6.35815004e-01
3890 6.35784436e-01
3891 6.35764121e-01
3892 6.35744816e-01
3893 6.35724954e-01
3894 6.35704905e-01
3895 6.35687936e-01
3896 6.35663128e-01
3897 6.35646906e-01
3898 6.35630376e-01
3899 6.35612480e-01
3900 6.35592923e-01
3901 6.35571545e-01
3902 6.35548299e-01
3903 6.35523592e-01
3904 6.35500289e-01
3905 6.35497365e-01
3906 6.35467543e-01
3907 6.35447789e-01
3908 6.35435243e-01
3909 6.35395928e-01
3910 6.35382536e-01
3911 6.35368842e-01
3912 6.35353884e-01
3913 6.35337471e-01
3914 6.35319455e-01
3915 6.35299679e-01
3916 6.35277978e-01
3917 6.35254174e-01
3918 6.35228096e-01
3919 6.35199671e-01
3920 6.35169667e-01
3921 6.35146397e-01
3922 6.35129191e-01
3923 6.35117341e-01
3924 6.35084029e-01
3925 6.35070304e-01
3926 6.35056441e-01
3927 6.35041348e-01
3928 6.35024800e-01
3929 6.35006641e-01
3930 6.34986715e-01
3931 6.34964864e-01
3932 6.34940948e-01
3933 6.34914989e-01
3934 6.34888120e-01
3935 6.34870347e-01
3936 6.34851627e-01
3937 6.34837523e-01
3938 6.34834017e-01
3939 6.34788607e-01
3940 6.34773226e-01
3941 6.34758955e-01
3942 6.34743655e-01
3943 6.34726942e-01
3944 6.34708636e-01
3945 6.34688602e-01
3946 6.34666793e-01
3947 6.34643585e-01
3948 6.34621836e-01
3949 6.34603966e-01
3950 6.34587180e-01
3951 6.34569808e-01
3952 6.34551851e-01
3953 6.34535009e-01
3954 6.34527470e-01
3955 6.34496850e-01
3956 6.34479463e-01
3957 6.34463265e-01
3958 6.34446365e-01
3959 6.34428489e-01
3960 6.34410321e-01
3961 6.34395492e-01
3962 6.34373895e-01
3963 6.34358882e-01
3964 6.34343746e-01
3965 6.34327475e-01
3966 6.34309809e-01
3967 6.34290753e-01
3968 6.34270911e-01
3969 6.34253710e-01
3970 6.34234656e-01
3971 6.34219114e-01
3972 6.34203248e-01
3973 6.34186347e-01
3974 6.34168458e-01
3975 6.34150704e-01
3976 6.34138731e-01
3977 6.34114941e-01
3978 6.34099011e-01
3979 6.34083501e-01
3980 6.34067154e-01
3981 6.34049849e-01
3982 6.34032406e-01
3983 6.34019016e-01
3984 6.33997301e-01
3985 6.33982439e-01
3986 6.33967641e-01
3987 6.33951828e-01
3988 6.33934766e-01
3989 6.33916627e-01
3990 6.33898728e-01
3991 6.33888021e-01
3992 6.33864359e-01
3993 6.33847977e-01
3994 6.33832337e-01
3995 6.33816361e-01
3996 6.33800660e-01
3997 6.33789064e-01
3998 6.33766056e-01
3999 6.33752322e-01
4000 6.33738700e-01
4001 6.33724051e-01
4002 6.33708090e-01
4003 6.33690707e-01
4004 6.33672004e-01
4005 6.33652948e-01
4006 6.33639268e-01
4007 6.33619342e-01
4008 6.33603596e-01
4009 6.33588276e-01
4010 6.33573095e-01
4011 6.33560138e-01
4012 6.33559266e-01
4013 6.33524389e-01
4014 6.33508026e-01
4015 6.33493590e-01
4016 6.33478690e-01
4017 6.33462913e-01
4018 6.33446648e-01
4019 6.33432261e-01
4020 6.33431537e-01
4021 6.33400159e-01
4022 6.33382780e-01
4023 6.33367653e-01
4024 6.33352871e-01
4025 6.33339169e-01
4026 6.33331545e-01
4027 6.33304799e-01
4028 6.33291343e-01
4029 6.33278469e-01
4030 6.33264713e-01
4031 6.33249749e-01
4032 6.33233462e-01
4033 6.33215945e-01
4034 6.33198089e-01
4035 6.33185089e-01
4036 6.33166234e-01
4037 6.33151430e-01
4038 6.33136943e-01
4039 6.33122347e-01
4040 6.33109073e-01
4041 6.33104096e-01
4042 6.33075864e-01
4043 6.33061439e-01
4044 6.33048132e-01
4045 6.33034163e-01
4046 6.33019178e-01
4047 6.33003311e-01
4048 6.32987739e-01
4049 6.32978483e-01
4050 6.32956770e-01
4051 6.32942287e-01
4052 6.32928441e-01
4053 6.32914104e-01
4054 6.32899437e-01
4055 6.32886338e-01
4056 6.32883861e-01
4057 6.32854958e-01
4058 6.32839619e-01
4059 6.32825916e-01
4060 6.32811931e-01
4061 6.32797536e-01
4062 6.32784019e-01
4063 6.32777592e-01
4064 6.32752870e-01
4065 6.32739048e-01
4066 6.32726095e-01
4067 6.32712496e-01
4068 6.32697979e-01
4069 6.32682840e-01
4070 6.32668922e-01
4071 6.32665576e-01
4072 6.32639760e-01
4073 6.32624432e-01
4074 6.32610734e-01
4075 6.32597243e-01
4076 6.32584744e-01
4077 6.32578038e-01
4078 6.32553463e-01
4079 6.32541027e-01
4080 6.32529183e-01
4081 6.32516554e-01
4082 6.32502830e-01
4083 6.32487924e-01
4084 6.32471989e-01
4085 6.32456154e-01
4086 6.32446879e-01
4087 6.32427724e-01
4088 6.32413672e-01
4089 6.32400439e-01
4090 6.32387677e-01
4091 6.32377581e-01
4092 6.32358471e-01
4093 6.32347864e-01
4094 6.32337132e-01
4095 6.32325489e-01
4096 6.32312741e-01
4097 6.32298764e-01
4098 6.32283459e-01
4099 6.32266789e-01
4100 6.32249062e-01
4101 6.32232685e-01
4102 6.32219141e-01
4103 6.32206380e-01
4104 6.32193317e-01
4105 6.32180246e-01
4106 6.32169581e-01
4107 6.32152417e-01
4108 6.32141584e-01
4109 6.32130627e-01
4110 6.32118780e-01
4111 6.32105836e-01
4112 6.32091687e-01
4113 6.32076317e-01
4114 6.32060060e-01
4115 6.32045161e-01
4116 6.32031700e-01
4117 6.32019591e-01
4118 6.32007078e-01
4119 6.31993902e-01
4120 6.31980590e-01
4121 6.31969969e-01
4122 6.31953426e-01
4123 6.31942259e-01
4124 6.31931048e-01
4125 6.31918997e-01
4126 6.31905904e-01
4127 6.31891752e-01
4128 6.31876919e-01
4129 6.31863602e-01
4130 6.31849937e-01
4131 6.31838526e-01
4132 6.31826773e-01
4133 6.31814184e-01
4134 6.31800745e-01
4135 6.31787044e-01
4136 6.31776158e-01
4137 6.31760479e-01
4138 6.31749071e-01
4139 6.31737637e-01
4140 6.31725442e-01
4141 6.31712367e-01
4142 6.31698751e-01
4143 6.31686502e-01
4144 6.31685673e-01
4145 6.31661785e-01
4146 6.31647654e-01
4147 6.31635482e-01
4148 6.31624253e-01
4149 6.31615947e-01
4150 6.31596807e-01
4151 6.31587318e-01
4152 6.31577779e-01
4153 6.31567427e-01
4154 6.31556086e-01
4155 6.31543645e-01
4156 6.31530003e-01
4157 6.31515088e-01
4158 6.31498972e-01
4159 6.31482612e-01
4160 6.31473249e-01
4161 6.31459046e-01
4162 6.31447967e-01
4163 6.31440625e-01
4164 6.31418249e-01
4165 6.31409536e-01
4166 6.31400741e-01
4167 6.31391158e-01
4168 6.31380645e-01
4169 6.31369102e-01
4170 6.31356429e-01
4171 6.31342520e-01
4172 6.31327277e-01
4173 6.31310667e-01
4174 6.31293135e-01
4175 6.31278889e-01
4176 6.31266999e-01
4177 6.31256629e-01
4178 6.31249850e-01
4179 6.31229118e-01
4180 6.31220028e-01
4181 6.31211016e-01
4182 6.31201246e-01
4183 6.31190544e-01
4184 6.31178802e-01
4185 6.31165924e-01
4186 6.31151831e-01
4187 6.31136552e-01
4188 6.31120749e-01
4189 6.31109533e-01
4190 6.31096579e-01
4191 6.31085630e-01
4192 6.31076713e-01
4193 6.31074513e-01
4194 6.31047929e-01
4195 6.31037695e-01
4196 6.31028299e-01
4197 6.31018293e-01
4198 6.31007393e-01
4199 6.30995484e-01
4200 6.30982532e-01
4201 6.30968742e-01
4202 6.30955525e-01
4203 6.30951753e-01
4204 6.30934606e-01
4205 6.30922687e-01
4206 6.30913160e-01
4207 6.30908230e-01
4208 6.30884796e-01
4209 6.30876006e-01
4210 6.30867464e-01
4211 6.30858221e-01
4212 6.30848097e-01
4213 6.30836989e-01
4214 6.30824804e-01
4215 6.30811461e-01
4216 6.30796961e-01
4217 6.30781777e-01
4218 6.30769644e-01
4219 6.30757710e-01
4220 6.30747083e-01
4221 6.30737503e-01
4222 6.30731748e-01
4223 6.30712234e-01
4224 6.30703231e-01
4225 6.30694472e-01
4226 6.30685033e-01
4227 6.30674713e-01
4228 6.30663409e-01
4229 6.30651052e-01
4230 6.30637669e-01
4231 6.30623787e-01
4232 6.30612980e-01
4233 6.30600580e-01
4234 6.30589947e-01
4235 6.30579664e-01
4236 6.30570319e-01
4237 6.30565810e-01
4238 6.30545883e-01
4239 6.30536284e-01
4240 6.30527218e-01
4241 6.30517558e-01
4242 6.30507057e-01
4243 6.30495637e-01
4244 6.30483386e-01
4245 6.30471036e-01
4246 6.30462796e-01
4247 6.30448846e-01
4248 6.30438258e-01
4249 6.30428059e-01
4250 6.30417928e-01
4251 6.30409070e-01
4252 6.30407279e-01
4253 6.30385257e-01
4254 6.30374720e-01
4255 6.30365243e-01
4256 6.30355370e-01
4257 6.30344823e-01
4258 6.30333736e-01
4259 6.30323136e-01
4260 6.30318202e-01
4261 6.30301298e-01
4262 6.30290703e-01
4263 6.30280827e-01
4264 6.30270728e-01
4265 6.30260575e-01
4266 6.30252060e-01
4267 6.30239148e-01
4268 6.30230868e-01
4269 6.30222439e-01
4270 6.30213308e-01
4271 6.30203322e-01
4272 6.30192392e-01
4273 6.30180486e-01
4274 6.30167767e-01
4275 6.30155480e-01
4276 6.30151891e-01
4277 6.30137321e-01
4278 6.30127093e-01
4279 6.30119715e-01
4280 6.30119117e-01
4281 6.30091807e-01
4282 6.30083020e-01
4283 6.30075043e-01
4284 6.30066524e-01
4285 6.30057223e-01
4286 6.30047036e-01
4287 6.30035892e-01
4288 6.30023789e-01
4289 6.30011063e-01
4290 6.30000034e-01
4291 6.29989352e-01
4292 6.29979808e-01
4293 6.29970178e-01
4294 6.29960553e-01
4295 6.29952518e-01
4296 6.29939950e-01
4297 6.29932093e-01
4298 6.29924094e-01
4299 6.29915422e-01
4300 6.29905932e-01
4301 6.29895537e-01
4302 6.29884187e-01
4303 6.29871962e-01
4304 6.29859642e-01
4305 6.29852476e-01
4306 6.29840099e-01
4307 6.29830361e-01
4308 6.29821967e-01
4309 6.29816847e-01
4310 6.29799009e-01
4311 6.29791424e-01
4312 6.29783970e-01
4313 6.29775901e-01
4314 6.29767064e-01
4315 6.29757369e-01
4316 6.29746737e-01
4317 6.29735110e-01
4318 6.29722544e-01
4319 6.29709777e-01
4320 6.29702323e-01
4321 6.29691086e-01
4322 6.29682229e-01
4323 6.29675961e-01
4324 6.29659416e-01
4325 6.29652689e-01
4326 6.29645826e-01
4327 6.29638337e-01
4328 6.29630117e-01
4329 6.29621090e-01
4330 6.29611175e-01
4331 6.29600289e-01
4332 6.29588348e-01
4333 6.29575300e-01
4334 6.29561334e-01
4335 6.29548538e-01
4336 6.29539361e-01
4337 6.29530627e-01
4338 6.29523208e-01
4339 6.29521884e-01
4340 6.29501305e-01
4341 6.29492332e-01
4342 6.29484252e-01
4343 6.29475762e-01
4344 6.29466595e-01
4345 6.29456719e-01
4346 6.29446407e-01
4347 6.29437192e-01
4348 6.29427214e-01
4349 6.29419192e-01
4350 6.29410937e-01
4351 6.29402053e-01
4352 6.29392458e-01
4353 6.29382302e-01
4354 6.29372555e-01
4355 6.29368432e-01
4356 6.29353975e-01
4357 6.29344382e-01
4358 6.29335591e-01
4359 6.29327060e-01
4360 6.29319826e-01
4361 6.29319032e-01
4362 6.29298849e-01
4363 6.29289816e-01
4364 6.29281777e-01
4365 6.29273391e-01
4366 6.29264397e-01
4367 6.29254834e-01
4368 6.29245282e-01
4369 6.29238713e-01
4370 6.29226447e-01
4371 6.29217971e-01
4372 6.29209691e-01
4373 6.29200988e-01
4374 6.29191850e-01
4375 6.29182918e-01
4376 6.29177351e-01
4377 6.29164087e-01
4378 6.29155745e-01
4379 6.29147704e-01
4380 6.29139217e-01
4381 6.29130168e-01
4382 6.29120823e-01
4383 6.29112673e-01
4384 6.29102664e-01
4385 6.29095231e-01
4386 6.29087623e-01
4387 6.29079410e-01
4388 6.29070471e-01
4389 6.29060799e-01
4390 6.29050648e-01
4391 6.29041528e-01
4392 6.29032279e-01
4393 6.29024480e-01
4394 6.29016444e-01
4395 6.29007850e-01
4396 6.28998716e-01
4397 6.28989564e-01
4398 6.28983049e-01
4399 6.28971410e-01
4400 6.28963376e-01
4401 6.28955481e-01
4402 6.28947136e-01
4403 6.28938281e-01
4404 6.28929325e-01
4405 6.28922368e-01
4406 6.28911401e-01
4407 6.28903802e-01
4408 6.28896216e-01
4409 6.28888103e-01
4410 6.28879344e-01
4411 6.28870033e-01
4412 6.28860875e-01
4413 6.28855596e-01
4414 6.28843241e-01
4415 6.28834750e-01
4416 6.28826679e-01
4417 6.28818466e-01
4418 6.28810467e-01
4419 6.28804856e-01
4420 6.28792455e-01
4421 6.28785266e-01
4422 6.28778192e-01
4423 6.28770595e-01
4424 6.28762320e-01
4425 6.28753312e-01
4426 6.28743645e-01
4427 6.28733913e-01
4428 6.28727612e-01
4429 6.28716662e-01
4430 6.28708317e-01
4431 6.28700351e-01
4432 6.28692621e-01
4433 6.28686475e-01
4434 6.28675068e-01
4435 6.28668631e-01
4436 6.28662117e-01
4437 6.28655050e-01
4438 6.28647309e-01
4439 6.28638820e-01
4440 6.28629523e-01
4441 6.28619406e-01
4442 6.28608710e-01
4443 6.28599229e-01
4444 6.28590727e-01
4445 6.28582907e-01
4446 6.28575032e-01
4447 6.28567392e-01
4448 6.28561996e-01
4449 6.28549966e-01
4450 6.28543124e-01
4451 6.28536377e-01
4452 6.28529120e-01
4453 6.28521205e-01
4454 6.28512569e-01
4455 6.28503239e-01
4456 6.28493583e-01
4457 6.28485844e-01
4458 6.28476531e-01
4459 6.28468838e-01
4460 6.28461157e-01
4461 6.28453303e-01
4462 6.28445919e-01
4463 6.28442178e-01
4464 6.28428570e-01
4465 6.28421105e-01
4466 6.28414058e-01
4467 6.28406613e-01
4468 6.28398599e-01
4469 6.28390075e-01
4470 6.28381604e-01
4471 6.28376102e-01
4472 6.28365050e-01
4473 6.28357410e-01
4474 6.28350016e-01
4475 6.28342320e-01
4476 6.28334407e-01
4477 6.28327245e-01
4478 6.28325475e-01
4479 6.28310468e-01
4480 6.28302308e-01
4481 6.28294952e-01
4482 6.28287423e-01
4483 6.28279661e-01
4484 6.28272365e-01
4485 6.28268903e-01
4486 6.28255589e-01
4487 6.28248113e-01
4488 6.28241105e-01
4489 6.28233749e-01
4490 6.28225898e-01
4491 6.28217729e-01
4492 6.28210301e-01
4493 6.28209009e-01
4494 6.28194575e-01
4495 6.28186143e-01
4496 6.28178683e-01
4497 6.28171399e-01
4498 6.28164780e-01
4499 6.28161741e-01
4500 6.28147530e-01
4501 6.28140625e-01
4502 6.28134136e-01
4503 6.28127237e-01
4504 6.28119747e-01
4505 6.28111621e-01
4506 6.28102968e-01
4507 6.28094531e-01
4508 6.28090506e-01
4509 6.28079250e-01
4510 6.28071360e-01
4511 6.28064119e-01
4512 6.28057336e-01
4513 6.28052518e-01
4514 6.28040784e-01
4515 6.28034826e-01
4516 6.28028900e-01
4517 6.28022487e-01
4518 6.28015468e-01
4519 6.28007771e-01
4520 6.27999345e-01
4521 6.27990183e-01
4522 6.27980533e-01
4523 6.27972175e-01
4524 6.27964287e-01
4525 6.27957147e-01
4526 6.27950000e-01
4527 6.27943103e-01
4528 6.27938316e-01
4529 6.27927169e-01
4530 6.27920943e-01
4531 6.27914817e-01
4532 6.27908228e-01
4533 6.27901040e-01
4534 6.27893195e-01
4535 6.27884709e-01
4536 6.27875883e-01
4537 6.27868578e-01
4538 6.27860302e-01
4539 6.27853360e-01
4540 6.27846372e-01
4541 6.27839164e-01
4542 6.27832219e-01
4543 6.27827980e-01
4544 6.27816605e-01
4545 6.27810002e-01
4546 6.27803642e-01
4547 6.27796880e-01
4548 6.27789573e-01
4549 6.27781745e-01
4550 6.27773779e-01
4551 6.27767703e-01
4552 6.27758661e-01
4553 6.27751945e-01
4554 6.27745270e-01
4555 6.27738228e-01
4556 6.27730850e-01
4557 6.27723743e-01
4558 6.27719885e-01
4559 6.27708591e-01
4560 6.27701658e-01
4561 6.27695084e-01
4562 6.27688210e-01
4563 6.27680970e-01
4564 6.27673754e-01
4565 6.27668533e-01
4566 6.27658817e-01
4567 6.27652458e-01
4568 6.27646187e-01
4569 6.27639497e-01
4570 6.27632277e-01
4571 6.27624595e-01
4572 6.27616998e-01
4573 6.27612364e-01
4574 6.27602327e-01
4575 6.27595378e-01
4576 6.27588717e-01
4577 6.27581877e-01
4578 6.27575066e-01
4579 6.27569708e-01
4580 6.27560410e-01
4581 6.27554630e-01
4582 6.27548827e-01
4583 6.27542564e-01
4584 6.27535726e-01
4585 6.27528260e-01
4586 6.27520184e-01
4587 6.27511795e-01
4588 6.27504942e-01
4589 6.27497063e-01
4590 6.27490453e-01
4591 6.27483829e-01
4592 6.27477060e-01
4593 6.27470737e-01
4594 6.27467762e-01
4595 6.27455764e-01
4596 6.27449243e-01
4597 6.27443128e-01
4598 6.27436685e-01
4599 6.27429768e-01
4600 6.27422451e-01
4601 6.27415327e-01
4602 6.27411445e-01
4603 6.27401094e-01
4604 6.27394289e-01
4605 6.27387849e-01
4606 6.27381234e-01
4607 6.27374575e-01
4608 6.27369017e-01
4609 6.27360550e-01
4610 6.27355093e-01
4611 6.27349546e-01
4612 6.27343539e-01
4613 6.27336969e-01
4614 6.27329780e-01
4615 6.27321957e-01
4616 6.27313646e-01
4617 6.27305866e-01
4618 6.27305371e-01
4619 6.27295065e-01
4620 6.27288359e-01
4621 6.27284254e-01
4622 6.27270401e-01
4623 6.27265828e-01
4624 6.27261165e-01
4625 6.27256070e-01
4626 6.27250475e-01
4627 6.27244328e-01
4628 6.27237573e-01
4629 6.27230151e-01
4630 6.27222001e-01
4631 6.27213060e-01
4632 6.27203304e-01
4633 6.27193014e-01
4634 6.27185233e-01
4635 6.27179335e-01
4636 6.27175435e-01
4637 6.27163453e-01
4638 6.27158675e-01
4639 6.27153869e-01
4640 6.27148635e-01
4641 6.27142893e-01
4642 6.27136585e-01
4643 6.27129656e-01
4644 6.27122050e-01
4645 6.27113715e-01
4646 6.27104662e-01
4647 6.27095315e-01
4648 6.27089414e-01
4649 6.27082823e-01
4650 6.27077991e-01
4651 6.27077167e-01
4652 6.27060420e-01
4653 6.27054939e-01
4654 6.27049900e-01
4655 6.27044501e-01
4656 6.27038601e-01
4657 6.27032133e-01
4658 6.27025048e-01
4659 6.27017331e-01
4660 6.27009125e-01
4661 6.27001518e-01
4662 6.26995087e-01
4663 6.26989094e-01
4664 6.26982911e-01
4665 6.26976539e-01
4666 6.26970632e-01
4667 6.26968313e-01
4668 6.26956937e-01
4669 6.26950630e-01
4670 6.26944804e-01
4671 6.26938740e-01
4672 6.26932335e-01
4673 6.26925855e-01
4674 6.26920698e-01
4675 6.26912695e-01
4676 6.26907243e-01
4677 6.26901770e-01
4678 6.26895890e-01
4679 6.26889505e-01
4680 6.26882619e-01
4681 6.26875466e-01
4682 6.26869375e-01
4683 6.26862309e-01
4684 6.26856626e-01
4685 6.26850845e-01
4686 6.26844693e-01
4687 6.26838191e-01
4688 6.26831778e-01
4689 6.26827652e-01
4690 6.26818685e-01
4691 6.26812799e-01
4692 6.26807102e-01
4693 6.26801107e-01
4694 6.26794770e-01
4695 6.26788413e-01
4696 6.26783678e-01
4697 6.26775457e-01
4698 6.26769937e-01
4699 6.26764467e-01
4700 6.26758627e-01
4701 6.26752326e-01
4702 6.26745634e-01
4703 6.26739071e-01
4704 6.26735374e-01
4705 6.26726344e-01
4706 6.26720200e-01
4707 6.26714372e-01
4708 6.26708440e-01
4709 6.26702646e-01
4710 6.26698506e-01
4711 6.26689656e-01
4712 6.26684487e-01
4713 6.26679385e-01
4714 6.26673901e-01
4715 6.26667922e-01
4716 6.26661408e-01
4717 6.26654401e-01
4718 6.26647284e-01
4719 6.26642338e-01
4720 6.26634684e-01
4721 6.26628712e-01
4722 6.26622933e-01
4723 6.26617235e-01
4724 6.26612450e-01
4725 6.26604740e-01
4726 6.26600137e-01
4727 6.26595428e-01
4728 6.26590309e-01
4729 6.26584698e-01
4730 6.26578541e-01
4731 6.26571793e-01
4732 6.26564435e-01
4733 6.26556593e-01
4734 6.26549297e-01
4735 6.26543356e-01
4736 6.26537722e-01
4737 6.26531944e-01
4738 6.26526166e-01
4739 6.26521497e-01
4740 6.26513820e-01
4741 6.26508991e-01
4742 6.26504115e-01
4743 6.26498842e-01
4744 6.26493080e-01
4745 6.26486780e-01
4746 6.26479940e-01
4747 6.26472736e-01
4748 6.26466323e-01
4749 6.26460131e-01
4750 6.26454670e-01
4751 6.26449072e-01
4752 6.26443219e-01
4753 6.26437414e-01
4754 6.26433227e-01
4755 6.26425102e-01
4756 6.26419961e-01
4757 6.26414890e-01
4758 6.26409464e-01
4759 6.26403583e-01
4760 6.26397253e-01
4761 6.26390721e-01
4762 6.26385342e-01
4763 6.26378570e-01
4764 6.26373277e-01
4765 6.26367932e-01
4766 6.26362258e-01
4767 6.26356269e-01
4768 6.26350379e-01
4769 6.26346647e-01
4770 6.26338254e-01
4771 6.26332808e-01
4772 6.26327547e-01
4773 6.26322011e-01
4774 6.26316148e-01
4775 6.26310234e-01
4776 6.26305680e-01
4777 6.26298278e-01
4778 6.26293226e-01
4779 6.26288188e-01
4780 6.26282796e-01
4781 6.26276967e-01
4782 6.26270747e-01
4783 6.26264539e-01
4784 6.26260487e-01
4785 6.26252693e-01
4786 6.26247152e-01
4787 6.26241791e-01
4788 6.26236261e-01
4789 6.26230722e-01
4790 6.26226270e-01
4791 6.26218955e-01
4792 6.26214308e-01
4793 6.26209624e-01
4794 6.26204564e-01
4795 6.26199037e-01
4796 6.26193002e-01
4797 6.26186470e-01
4798 6.26179681e-01
4799 6.26174121e-01
4800 6.26167771e-01
4801 6.26162429e-01
4802 6.26157074e-01
4803 6.26151604e-01
4804 6.26146513e-01
4805 6.26144207e-01
4806 6.26134390e-01
4807 6.26129086e-01
4808 6.26124127e-01
4809 6.26118909e-01
4810 6.26113310e-01
4811 6.26107400e-01
4812 6.26101693e-01
4813 6.26098821e-01
4814 6.26090186e-01
4815 6.26084610e-01
4816 6.26079377e-01
4817 6.26074027e-01
4818 6.26068688e-01
4819 6.26064385e-01
4820 6.26057222e-01
4821 6.26052754e-01
4822 6.26048242e-01
4823 6.26043364e-01
4824 6.26038030e-01
4825 6.26032197e-01
4826 6.26025857e-01
4827 6.26019154e-01
4828 6.26013046e-01
4829 6.26007433e-01
4830 6.26002407e-01
4831 6.25997220e-01
4832 6.25991762e-01
4833 6.25986259e-01
4834 6.25981927e-01
4835 6.25974947e-01
4836 6.25970284e-01
4837 6.25965612e-01
4838 6.25960590e-01
4839 6.25955131e-01
4840 6.25949230e-01
4841 6.25943050e-01
4842 6.25937540e-01
4843 6.25931766e-01
4844 6.25926976e-01
4845 6.25922049e-01
4846 6.25916772e-01
4847 6.25911140e-01
4848 6.25905409e-01
4849 6.25900919e-01
4850 6.25894232e-01
4851 6.25889411e-01
4852 6.25884590e-01
4853 6.25879450e-01
4854 6.25873940e-01
4855 6.25868208e-01
4856 6.25863092e-01
4857 6.25863000e-01
4858 6.25852682e-01
4859 6.25846646e-01
4860 6.25841481e-01
4861 6.25836746e-01
4862 6.25833315e-01
4863 6.25825007e-01
4864 6.25820958e-01
4865 6.25816899e-01
4866 6.25812493e-01
4867 6.25807663e-01
4868 6.25802362e-01
4869 6.25796545e-01
4870 6.25790181e-01
4871 6.25783302e-01
4872 6.25776337e-01
4873 6.25772517e-01
4874 6.25766377e-01
4875 6.25761646e-01
4876 6.25758605e-01
4877 6.25748724e-01
4878 6.25744966e-01
4879 6.25741183e-01
4880 6.25737061e-01
4881 6.25732537e-01
4882 6.25727566e-01
4883 6.25722105e-01
4884 6.25716107e-01
4885 6.25709528e-01
4886 6.25702355e-01
4887 6.25694792e-01
4888 6.25688755e-01
4889 6.25683588e-01
4890 6.25679133e-01
4891 6.25676343e-01
4892 6.25667042e-01
4893 6.25663069e-01
4894 6.25659147e-01
4895 6.25654896e-01
4896 6.25650238e-01
4897 6.25645123e-01
4898 6.25639511e-01
4899 6.25633365e-01
4900 6.25626701e-01
4901 6.25619829e-01
4902 6.25615122e-01
4903 6.25609385e-01
4904 6.25604600e-01
4905 6.25600790e-01
4906 6.25600146e-01
4907 6.25587953e-01
4908 6.25583399e-01
4909 6.25579259e-01
4910 6.25574855e-01
4911 6.25570058e-01
4912 6.25564816e-01
4913 6.25559114e-01
4914 6.25553052e-01
4915 6.25547302e-01
4916 6.25546077e-01
4917 6.25538259e-01
4918 6.25532944e-01
4919 6.25528798e-01
4920 6.25526883e-01
4921 6.25515937e-01
4922 6.25511997e-01
4923 6.25508200e-01
4924 6.25504094e-01
4925 6.25499596e-01
4926 6.25494658e-01
4927 6.25489237e-01
4928 6.25483299e-01
4929 6.25476846e-01
4930 6.25470114e-01
4931 6.25464926e-01
4932 6.25459509e-01
4933 6.25454764e-01
4934 6.25450572e-01
4935 6.25448306e-01
4936 6.25439037e-01
4937 6.25434948e-01
4938 6.25431011e-01
4939 6.25426773e-01
4940 6.25422140e-01
4941 6.25417063e-01
4942 6.25411512e-01
4943 6.25405505e-01
4944 6.25399310e-01
4945 6.25394722e-01
4946 6.25388967e-01
4947 6.25384136e-01
4948 6.25379527e-01
4949 6.25375446e-01
4950 6.25373870e-01
4951 6.25364186e-01
4952 6.25359751e-01
4953 6.25355626e-01
4954 6.25351243e-01
4955 6.25346483e-01
4956 6.25341309e-01
4957 6.25335772e-01
4958 6.25330255e-01
4959 6.25326936e-01
4960 6.25320258e-01
4961 6.25315355e-01
4962 6.25310706e-01
4963 6.25306153e-01
4964 6.25302332e-01
4965 6.25302279e-01
4966 6.25291272e-01
4967 6.25286295e-01
4968 6.25281922e-01
4969 6.25277398e-01
4970 6.25272583e-01
4971 6.25267554e-01
4972 6.25262865e-01
4973 6.25261280e-01
4974 6.25252864e-01
4975 6.25247850e-01
4976 6.25243278e-01
4977 6.25238654e-01
4978 6.25234078e-01
4979 6.25230473e-01
4980 6.25224048e-01
4981 6.25220170e-01
4982 6.25216270e-01
4983 6.25212053e-01
4984 6.25207442e-01
4985 6.25202395e-01
4986 6.25196903e-01
4987 6.25191064e-01
4988 6.25185575e-01
4989 6.25185026e-01
4990 6.25177761e-01
4991 6.25172970e-01
4992 6.25169853e-01
4993 6.25160628e-01
4994 6.25157441e-01
4995 6.25154163e-01
4996 6.25150577e-01
4997 6.25146639e-01
4998 6.25142310e-01
4999 6.25137552e-01
5000 6.25132324e-01
