# ------------------------------------------------------------
# Practical Programming - Homework: Artificial Neural Networks
# ------------------------------------------------------------
# Network: Fp(x) = sum_i w_i f((x-a_i)/b_i)
# Cost: C(p) = sum_k (Fp(x_k) - y_k)^2
# Sections: (1) interpolation, (2) derivatives/antiderivative, (3) ODE training
# ------------------------------------------------------------

# ------------------------------------------------------------
# Exercise 1 - Interpolation of g(x)
# ------------------------------------------------------------
# Target                  : g(x)=cos(5x-1)exp(-x^2)
# Activation              : gaussian_wavelet
# Hidden neurons          : 8
# Sample range            : [-1.00000000e+00, 1.00000000e+00]
# Samples                 : 40
# Init log(b)             : -1.38629436e+00
# Max iters               : 4000
# Grad tol                : 1.00000000e-06
# Step init               : 5.00000000e-02
# Step min                : 1.00000000e-08
# Iterations              : 4000
# Final cost              : 9.96628049e-05
# Final grad norm         : 6.84465083e-04
# RMS error               : 1.57847082e-03
#
# x               g(x)            Fp(x)           
 -1.00000000e+00  3.53226908e-01  3.57741863e-01
 -9.48717949e-01  3.48779907e-01  3.47824786e-01
 -8.97435897e-01  3.12645361e-01  3.09970294e-01
 -8.46153846e-01  2.42145363e-01  2.40522936e-01
 -7.94871795e-01  1.37681696e-01  1.38193355e-01
 -7.43589744e-01  3.19830201e-03  5.20397271e-03
 -6.92307692e-01 -1.53708435e-01 -1.51789904e-01
 -6.41025641e-01 -3.22096698e-01 -3.21582185e-01
 -5.89743590e-01 -4.88421126e-01 -4.89462604e-01
 -5.38461538e-01 -6.37670951e-01 -6.39241492e-01
 -4.87179487e-01 -7.54808262e-01 -7.55550491e-01
 -4.35897436e-01 -8.26360017e-01 -8.25639872e-01
 -3.84615385e-01 -8.41982533e-01 -8.40340045e-01
 -3.33333333e-01 -7.95804379e-01 -7.94472023e-01
 -2.82051282e-01 -6.87366704e-01 -6.87265106e-01
 -2.30769231e-01 -5.22019069e-01 -5.23043384e-01
 -1.79487179e-01 -3.10690045e-01 -3.11843572e-01
 -1.28205128e-01 -6.90276459e-02 -6.92617181e-02
 -7.69230769e-02  1.84015121e-01  1.84957957e-01
 -2.56410256e-02  4.28000937e-01  4.29418429e-01
  2.56410256e-02  6.43030729e-01  6.43873162e-01
  7.69230769e-02  8.11734081e-01  8.11469145e-01
  1.28205128e-01  9.20994568e-01  9.20017098e-01
  1.79487179e-01  9.63209258e-01  9.62485576e-01
  2.30769231e-01  9.36940276e-01  9.37200348e-01
  2.82051282e-01  8.46893386e-01  8.48028268e-01
  3.33333333e-01  7.03242820e-01  7.04387322e-01
  3.84615385e-01  5.20401398e-01  5.20649068e-01
  4.35897436e-01  3.15399256e-01  3.14600012e-01
  4.87179487e-01  1.06075053e-01  1.05048779e-01
  5.38461538e-01 -9.07043146e-02 -9.08136426e-02
  5.89743590e-01 -2.60595874e-01 -2.59389525e-01
  6.41025641e-01 -3.92946083e-01 -3.91319542e-01
  6.92307692e-01 -4.81469749e-01 -4.80958956e-01
  7.43589744e-01 -5.24409219e-01 -5.25689321e-01
  7.94871795e-01 -5.24206079e-01 -5.26081040e-01
  8.46153846e-01 -4.86772776e-01 -4.86893638e-01
  8.97435897e-01 -4.20490145e-01 -4.17722497e-01
  9.48717949e-01 -3.35075256e-01 -3.31971778e-01
  1.00000000e+00 -2.40462050e-01 -2.43983229e-01

# ------------------------------------------------------------
# Exercise 2 - Derivatives and Antiderivative
# ------------------------------------------------------------
# Antiderivative          : Integral from x0 to x, x0 = first sample
# RMS g'(x)               : 4.89017089e-02
# RMS g''(x)              : 9.14152907e-01
#
# x               g'(x)           Fp'(x)          g''(x)          Fp''(x)         Int g           Int Fp          
 -1.00000000e+00  1.92497730e-01  4.76393114e-02 -1.01800432e+01 -8.71966162e+00  0.00000000e+00  0.00000000e+00
 -9.48717949e-01 -3.82599037e-01 -4.51079985e-01 -1.21246712e+01 -1.06665346e+01  1.80001747e-02  1.82008205e-02
 -8.97435897e-01 -1.03558965e+00 -1.03743927e+00 -1.31661333e+01 -1.20871063e+01  3.49597970e-02  3.51959924e-02
 -8.46153846e-01 -1.71275948e+00 -1.67559096e+00 -1.30284383e+01 -1.26155480e+01  4.91852002e-02  4.94512651e-02
 -7.94871795e-01 -2.34854468e+00 -2.30836947e+00 -1.15325344e+01 -1.18024022e+01  5.89243555e-02  5.93009082e-02
 -7.43589744e-01 -2.87152055e+00 -2.85664488e+00 -8.63436077e+00 -9.27725482e+00  6.25366632e-02  6.30982607e-02
 -6.92307692e-01 -3.21203839e+00 -3.22934758e+00 -4.45006416e+00 -4.98217423e+00  5.86774290e-02  5.94216372e-02
 -6.41025641e-01 -3.31070703e+00 -3.34404843e+00  7.37034462e-01  6.78874435e-01  4.64772974e-02  4.73092200e-02
 -5.89743590e-01 -3.12668633e+00 -3.14988277e+00  6.49108412e+00  6.91161379e+00  2.56947891e-02  2.64706677e-02
 -5.38461538e-01 -2.64465763e+00 -2.64094553e+00  1.22604774e+01  1.28139274e+01 -3.17936672e-03 -2.58213732e-03
 -4.87179487e-01 -1.87939243e+00 -1.85337270e+00  1.74340137e+01  1.76910029e+01 -3.88839619e-02 -3.85188710e-02
 -4.35897436e-01 -8.77064020e-01 -8.50209756e-01  2.14105360e+01  2.11879280e+01 -7.94267383e-02 -7.92823358e-02
 -3.84615385e-01  2.87180423e-01  2.93855539e-01  2.36735589e+01  2.31691236e+01 -1.22204752e-01 -1.22250790e-01
 -3.33333333e-01  1.51539137e+00  1.49774302e+00  2.38609309e+01  2.34855485e+01 -1.64199289e-01 -1.64433218e-01
 -2.82051282e-01  2.69621758e+00  2.66951217e+00  2.18195156e+01  2.18643222e+01 -2.02229316e-01 -2.02683669e-01
 -2.30769231e-01  3.71653941e+00  3.70249248e+00  1.76363660e+01  1.80454154e+01 -2.33239208e-01 -2.33944025e-01
 -1.79487179e-01  4.47396974e+00  4.48314581e+00  1.16407484e+01  1.20695215e+01 -2.54590724e-01 -2.55522839e-01
 -1.28205128e-01  4.88866515e+00  4.91252610e+00  4.37529252e+00  4.47902278e+00 -2.64327075e-01 -2.65389092e-01
 -7.69230769e-02  4.91291304e+00  4.93154456e+00 -3.46109811e+00 -3.75012673e+00 -2.61378678e-01 -2.62426704e-01
 -2.56410256e-02  4.53720385e+00  4.53586313e+00 -1.10917966e+01 -1.15218074e+01 -2.45685959e-01 -2.46586568e-01
  2.56410256e-02  3.79193394e+00  3.77269855e+00 -1.77524371e+01 -1.79693159e+01 -2.18223608e-01 -2.18898714e-01
  7.69230769e-02  2.74445231e+00  2.72379588e+00 -2.27804797e+01 -2.26175221e+01 -1.80921946e-01 -1.81352013e-01
  1.28205128e-01  1.49178233e+00  1.48667230e+00 -2.56924218e+01 -2.52961884e+01 -1.36493007e-01 -1.36683433e-01
  1.79487179e-01  1.49925389e-01  1.64088362e-01 -2.62384104e+01 -2.59394496e+01 -8.81800880e-02 -8.81238964e-02
  2.30769231e-01 -1.15889780e+00 -1.13767173e+00 -2.44272206e+01 -2.44715230e+01 -3.94583051e-02 -3.91283128e-02
  2.82051282e-01 -2.31945720e+00 -2.30925487e+00 -2.05187893e+01 -2.08730421e+01  6.28101956e-03  6.90392779e-03
  3.33333333e-01 -3.23553661e+00 -3.24553128e+00 -1.49860597e+01 -1.53592128e+01  4.60281017e-02  4.69149626e-02
  3.84615385e-01 -3.83933278e+00 -3.86164706e+00 -8.45210174e+00 -8.51736887e+00  7.74035945e-02  7.84613475e-02
  4.35897436e-01 -4.09718704e+00 -4.11223325e+00 -1.61167834e+00 -1.27748697e+00  9.88343805e-02  9.99328827e-02
  4.87179487e-01 -4.01112750e+00 -4.00371553e+00  4.85182467e+00  5.32529064e+00  1.09641414e-01  1.10669118e-01
  5.38461538e-01 -3.61626969e+00 -3.59052337e+00  1.03431006e+01  1.05156520e+01  1.10035536e-01  1.10943261e-01
  5.89743590e-01 -2.97465494e+00 -2.95374259e+00  1.44157617e+01  1.40530393e+01  1.01027838e-01  1.01823840e-01
  6.41025641e-01 -2.16652618e+00 -2.17346356e+00  1.68106076e+01  1.61724745e+01  8.42703524e-02  8.49677603e-02
  6.92307692e-01 -1.28029530e+00 -1.31391197e+00  1.74681708e+01  1.71731901e+01  6.18494336e-02  6.24130727e-02
  7.43589744e-01 -4.02521904e-01 -4.32035831e-01  1.65161309e+01  1.69938827e+01  3.60576652e-02  3.64080579e-02
  7.94871795e-01  3.90896239e-01  4.01573940e-01  1.42355325e+01  1.52112044e+01  9.17009348e-03  9.25655394e-03
  8.46153846e-01  1.04139014e+00  1.09522620e+00  1.10122310e+01  1.15309377e+01 -1.67524413e-02 -1.68695224e-02
  8.97435897e-01  1.51168239e+00  1.55788481e+00  7.28131800e+00  6.33697997e+00 -4.00155931e-02 -4.01663998e-02
  9.48717949e-01  1.78688902e+00  1.73856376e+00  3.47237621e+00  7.65321907e-01 -5.93890649e-02 -5.94288635e-02
  1.00000000e+00  1.87298450e+00  1.65379972e+00 -3.76144317e-02 -3.80360606e+00 -7.41464317e-02 -7.41780626e-02

# ------------------------------------------------------------
# Exercise 3 - ODE Training
# ------------------------------------------------------------
# Equation                : y'' + y = 0
# Boundary                : y(0)=0, y'(0)=1
# Interval                : [-1.00000000e+00, 1.00000000e+00]
# c                       : 0.00000000e+00
# alpha                   : 1.00000000e+02
# beta                    : 1.00000000e+02
# Samples                 : 80
# Activation              : gaussian_wavelet
# Hidden neurons          : 8
# Iterations              : 8000
# Final cost              : 6.74760107e-01
# Final grad norm         : 1.57231969e-01
# RMS error vs sin(x)     : 6.42442345e-02
#
# Cost: integral_a^b Phi^2 dx + alpha(Fp(c)-yc)^2 + beta(Fp'(c)-y'c)^2
# Phi(y'',y',y,x) = y'' + y
#
# x               y_true          Fp(x)           Fp'(x)          
 -1.00000000e+00 -8.41470985e-01 -9.24046034e-01  8.46691132e-01
 -9.66101695e-01 -8.22675741e-01 -8.95255816e-01  8.51928565e-01
 -9.32203390e-01 -8.02935255e-01 -8.66288383e-01  8.57146735e-01
 -8.98305085e-01 -7.82272209e-01 -8.37144395e-01  8.62345293e-01
 -8.64406780e-01 -7.60710343e-01 -8.07824521e-01  8.67523890e-01
 -8.30508475e-01 -7.38274433e-01 -7.78329445e-01  8.72682177e-01
 -7.96610169e-01 -7.14990256e-01 -7.48659861e-01  8.77819807e-01
 -7.62711864e-01 -6.90884566e-01 -7.18816475e-01  8.82936433e-01
 -7.28813559e-01 -6.65985061e-01 -6.88800005e-01  8.88031709e-01
 -6.94915254e-01 -6.40320348e-01 -6.58611181e-01  8.93105291e-01
 -6.61016949e-01 -6.13919917e-01 -6.28250743e-01  8.98156834e-01
 -6.27118644e-01 -5.86814101e-01 -5.97719445e-01  9.03185994e-01
 -5.93220339e-01 -5.59034044e-01 -5.67018051e-01  9.08192431e-01
 -5.59322034e-01 -5.30611666e-01 -5.36147337e-01  9.13175802e-01
 -5.25423729e-01 -5.01579622e-01 -5.05108092e-01  9.18135767e-01
 -4.91525424e-01 -4.71971272e-01 -4.73901113e-01  9.23071987e-01
 -4.57627119e-01 -4.41820633e-01 -4.42527212e-01  9.27984124e-01
 -4.23728814e-01 -4.11162349e-01 -4.10987211e-01  9.32871842e-01
 -3.89830508e-01 -3.80031645e-01 -3.79281943e-01  9.37734804e-01
 -3.55932203e-01 -3.48464291e-01 -3.47412254e-01  9.42572675e-01
 -3.22033898e-01 -3.16496557e-01 -3.15378998e-01  9.47385123e-01
 -2.88135593e-01 -2.84165173e-01 -2.83183045e-01  9.52171814e-01
 -2.54237288e-01 -2.51507287e-01 -2.50825272e-01  9.56932420e-01
 -2.20338983e-01 -2.18560423e-01 -2.18306569e-01  9.61666608e-01
 -1.86440678e-01 -1.85362437e-01 -1.85627838e-01  9.66374052e-01
 -1.52542373e-01 -1.51951472e-01 -1.52789990e-01  9.71054425e-01
 -1.18644068e-01 -1.18365916e-01 -1.19793949e-01  9.75707401e-01
 -8.47457627e-02 -8.46443607e-02 -8.66406489e-02  9.80332656e-01
 -5.08474576e-02 -5.08255497e-02 -5.33310349e-02  9.84929868e-01
 -1.69491525e-02 -1.69483410e-02 -1.98660631e-02  9.89498715e-01
  1.69491525e-02  1.69483410e-02  1.37532996e-02  9.94038877e-01
  5.08474576e-02  5.08255497e-02  4.75260754e-02  9.98550038e-01
  8.47457627e-02  8.46443607e-02  8.14512760e-02  1.00303188e+00
  1.18644068e-01  1.18365916e-01  1.15527902e-01  1.00748409e+00
  1.52542373e-01  1.51951472e-01  1.49754944e-01  1.01190635e+00
  1.86440678e-01  1.85362437e-01  1.84131381e-01  1.01629836e+00
  2.20338983e-01  2.18560423e-01  2.18656182e-01  1.02065979e+00
  2.54237288e-01  2.51507287e-01  2.53328306e-01  1.02499035e+00
  2.88135593e-01  2.84165173e-01  2.88146701e-01  1.02928973e+00
  3.22033898e-01  3.16496557e-01  3.23110305e-01  1.03355763e+00
  3.55932203e-01  3.48464291e-01  3.58218045e-01  1.03779373e+00
  3.89830508e-01  3.80031645e-01  3.93468840e-01  1.04199775e+00
  4.23728814e-01  4.11162349e-01  4.28861595e-01  1.04616938e+00
  4.57627119e-01  4.41820633e-01  4.64395208e-01  1.05030833e+00
  4.91525424e-01  4.71971272e-01  5.00068567e-01  1.05441431e+00
  5.25423729e-01  5.01579622e-01  5.35880548e-01  1.05848704e+00
  5.59322034e-01  5.30611666e-01  5.71830021e-01  1.06252622e+00
  5.93220339e-01  5.59034044e-01  6.07915842e-01  1.06653160e+00
  6.27118644e-01  5.86814101e-01  6.44136863e-01  1.07050291e+00
  6.61016949e-01  6.13919917e-01  6.80491923e-01  1.07443992e+00
  6.94915254e-01  6.40320348e-01  7.16979858e-01  1.07834244e+00
  7.28813559e-01  6.65985061e-01  7.53599493e-01  1.08221029e+00
  7.62711864e-01  6.90884566e-01  7.90349654e-01  1.08604340e+00
  7.96610169e-01  7.14990256e-01  8.27229162e-01  1.08984180e+00
  8.30508475e-01  7.38274433e-01  8.64236843e-01  1.09360567e+00
  8.64406780e-01  7.60710343e-01  9.01371534e-01  1.09733543e+00
  8.98305085e-01  7.82272209e-01  9.38632089e-01  1.10103187e+00
  9.32203390e-01  8.02935255e-01  9.76017400e-01  1.10469624e+00
  9.66101695e-01  8.22675741e-01  1.01352641e+00  1.10833052e+00
  1.00000000e+00  8.41470985e-01  1.05115814e+00  1.11193767e+00
