# z  cspline(z)  cos(z)  cspline'(z)  -sin(z)  cspline_integ(z)  sin(z)
0 1 1 -0.313431 -0 0 0
0.018 0.994357 0.999838 -0.313573 -0.017999 0.0179492 0.017999
0.036 0.98871 0.999352 -0.314 -0.0359922 0.0357968 0.0359922
0.054 0.983052 0.998542 -0.314711 -0.0539738 0.0535427 0.0539738
0.072 0.977378 0.997409 -0.315706 -0.0719378 0.0711866 0.0719378
0.09 0.971685 0.995953 -0.316985 -0.0898785 0.0887282 0.0898785
0.108 0.965965 0.994174 -0.318549 -0.10779 0.106167 0.10779
0.126 0.960215 0.992072 -0.320397 -0.125667 0.123503 0.125667
0.144 0.954429 0.98965 -0.32253 -0.143503 0.140735 0.143503
0.162 0.948602 0.986907 -0.324947 -0.161292 0.157862 0.161292
0.18 0.942729 0.983844 -0.327648 -0.17903 0.174884 0.17903
0.198 0.936805 0.980462 -0.330634 -0.196709 0.1918 0.196709
0.216 0.930825 0.976763 -0.333904 -0.214324 0.208609 0.214324
0.234 0.924783 0.972747 -0.337458 -0.23187 0.225309 0.23187
0.252 0.918675 0.968416 -0.341297 -0.249341 0.2419 0.249341
0.27 0.912495 0.963771 -0.34542 -0.266731 0.258381 0.266731
0.288 0.906238 0.958814 -0.349827 -0.284035 0.27475 0.284035
0.306 0.899899 0.953546 -0.354518 -0.301247 0.291005 0.301247
0.324 0.893474 0.94797 -0.359494 -0.318361 0.307146 0.318361
0.342 0.886956 0.942086 -0.364755 -0.335372 0.32317 0.335372
0.36 0.880341 0.935897 -0.370299 -0.352274 0.339075 0.352274
0.378 0.873623 0.929405 -0.376128 -0.369062 0.354861 0.369062
0.396 0.866798 0.922611 -0.382242 -0.385731 0.370525 0.385731
0.414 0.859861 0.915519 -0.38864 -0.402275 0.386065 0.402275
0.432 0.852806 0.90813 -0.395322 -0.418688 0.40148 0.418688
0.45 0.845628 0.900447 -0.402288 -0.434966 0.416766 0.434966
0.468 0.838321 0.892472 -0.409539 -0.451102 0.431921 0.451102
0.486 0.830882 0.884208 -0.417074 -0.467093 0.446944 0.467093
0.504 0.823305 0.875658 -0.424893 -0.482932 0.461832 0.482932
0.522 0.815585 0.866824 -0.432997 -0.498615 0.476583 0.498615
0.54 0.807716 0.857709 -0.441385 -0.514136 0.491192 0.514136
0.558 0.799693 0.848316 -0.450058 -0.529491 0.505659 0.529491
0.576 0.791512 0.838648 -0.459014 -0.544674 0.51998 0.544674
0.594 0.783167 0.828709 -0.468255 -0.55968 0.534153 0.55968
0.612 0.774653 0.818501 -0.477781 -0.574506 0.548173 0.574506
0.63 0.765965 0.808028 -0.487591 -0.589145 0.562039 0.589145
0.648 0.757098 0.797293 -0.497685 -0.603593 0.575747 0.603593
0.666 0.748047 0.786299 -0.508063 -0.617846 0.589294 0.617846
0.684 0.738806 0.775051 -0.518726 -0.631898 0.602676 0.631898
0.702 0.729371 0.763552 -0.529673 -0.645746 0.61589 0.645746
0.72 0.719736 0.751806 -0.540905 -0.659385 0.628932 0.659385
0.738 0.709896 0.739816 -0.552421 -0.67281 0.641799 0.67281
0.756 0.699847 0.727586 -0.564221 -0.686017 0.654487 0.686017
0.774 0.689583 0.71512 -0.576306 -0.699001 0.666992 0.699001
0.792 0.679098 0.702423 -0.588675 -0.71176 0.67931 0.71176
0.81 0.668389 0.689498 -0.601328 -0.724287 0.691438 0.724287
0.828 0.657449 0.67635 -0.614265 -0.73658 0.703371 0.73658
0.846 0.646274 0.662983 -0.627487 -0.748634 0.715105 0.748634
0.864 0.634858 0.649401 -0.640994 -0.760446 0.726636 0.760446
0.882 0.623196 0.635608 -0.654784 -0.772012 0.737958 0.772012
0.9 0.611284 0.62161 -0.668859 -0.783327 0.749069 0.783327
0.918 0.599115 0.60741 -0.683218 -0.794388 0.759963 0.794388
0.936 0.586686 0.593014 -0.697862 -0.805192 0.770636 0.805192
0.954 0.573991 0.578425 -0.71279 -0.815736 0.781082 0.815736
0.972 0.561024 0.563649 -0.728002 -0.826015 0.791298 0.826015
0.99 0.547781 0.54869 -0.743499 -0.836026 0.801277 0.836026
1.008 0.534256 0.533553 -0.759207 -0.845766 0.811016 0.845766
1.026 0.520452 0.518244 -0.774573 -0.855233 0.820509 0.855233
1.044 0.506375 0.502767 -0.789483 -0.864422 0.829751 0.864422
1.062 0.492033 0.487126 -0.803937 -0.873331 0.838737 0.873331
1.08 0.477436 0.471328 -0.817935 -0.881958 0.847462 0.881958
1.098 0.46259 0.455378 -0.831477 -0.890298 0.855923 0.890298
1.116 0.447505 0.439279 -0.844563 -0.898351 0.864114 0.898351
1.134 0.432189 0.423039 -0.857193 -0.906112 0.872032 0.906112
1.152 0.416649 0.406661 -0.869367 -0.913579 0.879672 0.913579
1.17 0.400894 0.390152 -0.881085 -0.920751 0.88703 0.920751
1.188 0.384933 0.373516 -0.892347 -0.927624 0.894103 0.927624
1.206 0.368772 0.356759 -0.903153 -0.934196 0.900886 0.934196
1.224 0.352422 0.339887 -0.913502 -0.940466 0.907377 0.940466
1.242 0.335889 0.322904 -0.923396 -0.946432 0.913572 0.946432
1.26 0.319182 0.305817 -0.932834 -0.95209 0.919468 0.95209
1.278 0.30231 0.288631 -0.941816 -0.957441 0.925062 0.957441
1.296 0.28528 0.271351 -0.950341 -0.96248 0.93035 0.96248
1.314 0.2681 0.253983 -0.958411 -0.967209 0.935331 0.967209
1.332 0.25078 0.236533 -0.966025 -0.971623 0.940001 0.971623
1.35 0.233326 0.219007 -0.973182 -0.975723 0.944358 0.975723
1.368 0.215748 0.201409 -0.979884 -0.979507 0.9484 0.979507
1.386 0.198053 0.183746 -0.986129 -0.982974 0.952125 0.982974
1.404 0.18025 0.166024 -0.991919 -0.986122 0.955529 0.986122
1.422 0.162347 0.148248 -0.997252 -0.98895 0.958613 0.98895
1.44 0.144352 0.130424 -1.00213 -0.991458 0.961373 0.991458
1.458 0.126273 0.112557 -1.00655 -0.993645 0.963809 0.993645
1.476 0.108118 0.0946544 -1.01052 -0.99551 0.965919 0.99551
1.494 0.0898969 0.0767209 -1.01403 -0.997053 0.967701 0.997053
1.512 0.0716162 0.0587625 -1.01708 -0.998272 0.969155 0.998272
1.53 0.0532847 0.040785 -1.01968 -0.999168 0.970279 0.999168
1.548 0.0349106 0.0227944 -1.02182 -0.99974 0.971073 0.99974
1.566 0.016502 0.00479631 -1.0235 -0.999988 0.971535 0.999988
1.584 -0.0019328 -0.0132033 -1.02473 -0.999913 0.971667 0.999913
1.602 -0.0203856 -0.0311986 -1.02551 -0.999513 0.971466 0.999513
1.62 -0.0388483 -0.0491838 -1.02582 -0.99879 0.970933 0.99879
1.638 -0.0573125 -0.0671531 -1.02568 -0.997743 0.970067 0.997743
1.656 -0.0757702 -0.0851006 -1.02509 -0.996372 0.968869 0.996372
1.674 -0.094213 -0.103021 -1.02404 -0.994679 0.96734 0.994679
1.692 -0.112633 -0.120907 -1.02253 -0.992664 0.965478 0.992664
1.71 -0.131021 -0.138755 -1.02057 -0.990327 0.963285 0.990327
1.728 -0.149371 -0.156557 -1.01815 -0.987669 0.960761 0.987669
1.746 -0.167672 -0.174309 -1.01527 -0.984691 0.957908 0.984691
1.764 -0.185918 -0.192004 -1.01194 -0.981394 0.954726 0.981394
1.782 -0.204099 -0.209637 -1.00816 -0.977779 0.951215 0.977779
1.8 -0.222209 -0.227202 -1.00391 -0.973848 0.947378 0.973848
1.818 -0.240237 -0.244694 -0.999215 -0.9696 0.943216 0.9696
1.836 -0.258178 -0.262106 -0.994059 -0.965039 0.93873 0.965039
1.854 -0.276021 -0.279433 -0.988448 -0.960165 0.933922 0.960165
1.872 -0.293759 -0.29667 -0.982381 -0.95498 0.928794 0.95498
1.89 -0.311384 -0.313811 -0.975858 -0.949486 0.923348 0.949486
1.908 -0.328887 -0.33085 -0.968879 -0.943684 0.917585 0.943684
1.926 -0.346261 -0.347781 -0.961443 -0.937576 0.911509 0.937576
1.944 -0.363496 -0.3646 -0.953552 -0.931164 0.905121 0.931164
1.962 -0.380586 -0.381301 -0.945205 -0.924451 0.898424 0.924451
1.98 -0.397521 -0.397879 -0.936401 -0.917438 0.89142 0.917438
1.998 -0.414294 -0.414327 -0.927142 -0.910128 0.884114 0.910128
2.016 -0.430896 -0.430642 -0.91754 -0.902523 0.876507 0.902523
2.034 -0.447324 -0.446816 -0.907766 -0.894626 0.868603 0.894626
2.052 -0.463575 -0.462846 -0.897822 -0.886438 0.860404 0.886438
2.07 -0.479645 -0.478727 -0.887709 -0.877964 0.851915 0.877964
2.088 -0.495531 -0.494451 -0.877426 -0.869205 0.843138 0.869205
2.106 -0.511231 -0.510016 -0.866974 -0.860165 0.834077 0.860165
2.124 -0.526741 -0.525416 -0.856352 -0.850846 0.824735 0.850846
2.142 -0.542059 -0.540645 -0.84556 -0.841251 0.815115 0.841251
2.16 -0.55718 -0.555699 -0.834598 -0.831383 0.805222 0.831383
2.178 -0.572103 -0.570573 -0.823467 -0.821247 0.795058 0.821247
2.196 -0.586824 -0.585262 -0.812166 -0.810844 0.784628 0.810844
2.214 -0.60134 -0.599762 -0.800695 -0.800178 0.773934 0.800178
2.232 -0.615648 -0.614067 -0.789055 -0.789254 0.762981 0.789254
2.25 -0.629745 -0.628174 -0.777244 -0.778073 0.751772 0.778073
2.268 -0.643628 -0.642076 -0.765265 -0.766641 0.740311 0.766641
2.286 -0.657294 -0.655771 -0.753115 -0.75496 0.728602 0.75496
2.304 -0.670739 -0.669254 -0.740796 -0.743034 0.71665 0.743034
2.322 -0.683961 -0.682519 -0.728307 -0.730868 0.704457 0.730868
2.34 -0.696957 -0.695563 -0.715648 -0.718465 0.692029 0.718465
2.358 -0.709723 -0.708382 -0.70282 -0.705829 0.679368 0.705829
2.376 -0.722257 -0.720972 -0.689822 -0.692964 0.66648 0.692964
2.394 -0.734556 -0.733328 -0.676654 -0.679875 0.653368 0.679875
2.412 -0.746616 -0.745446 -0.663317 -0.666566 0.640037 0.666566
2.43 -0.758434 -0.757323 -0.64981 -0.653041 0.626491 0.653041
2.448 -0.770008 -0.768954 -0.636133 -0.639304 0.612735 0.639304
2.466 -0.781334 -0.780336 -0.622286 -0.62536 0.598773 0.62536
2.484 -0.792409 -0.791466 -0.60827 -0.611213 0.584609 0.611213
2.502 -0.803231 -0.802339 -0.594084 -0.596869 0.570247 0.596869
2.52 -0.813795 -0.812952 -0.579729 -0.582331 0.555694 0.582331
2.538 -0.8241 -0.823302 -0.565203 -0.567604 0.540952 0.567604
2.556 -0.834142 -0.833385 -0.550508 -0.552693 0.526028 0.552693
2.574 -0.843917 -0.843198 -0.535644 -0.537604 0.510925 0.537604
2.592 -0.853424 -0.852737 -0.520609 -0.52234 0.495648 0.52234
2.61 -0.862658 -0.862001 -0.505405 -0.506907 0.480203 0.506907
2.628 -0.871618 -0.870985 -0.490032 -0.49131 0.464594 0.49131
2.646 -0.880298 -0.879687 -0.474488 -0.475553 0.448827 0.475553
2.664 -0.888698 -0.888104 -0.458775 -0.459643 0.432905 0.459643
2.682 -0.896813 -0.896233 -0.442892 -0.443583 0.416835 0.443583
2.7 -0.904641 -0.904072 -0.426839 -0.42738 0.400622 0.42738
2.718 -0.912179 -0.911618 -0.410617 -0.411038 0.38427 0.411038
2.736 -0.919422 -0.918869 -0.394225 -0.394563 0.367785 0.394563
2.754 -0.92637 -0.925822 -0.377663 -0.377961 0.351172 0.377961
2.772 -0.933017 -0.932475 -0.360932 -0.361236 0.334438 0.361236
2.79 -0.939362 -0.938825 -0.344031 -0.344393 0.317586 0.344393
2.808 -0.945401 -0.944872 -0.32696 -0.32744 0.300622 0.32744
2.826 -0.951132 -0.950613 -0.30972 -0.31038 0.283553 0.31038
2.844 -0.95655 -0.956045 -0.29231 -0.29322 0.266383 0.29322
2.862 -0.961654 -0.961168 -0.27473 -0.275964 0.249119 0.275964
2.88 -0.966439 -0.965979 -0.25698 -0.258619 0.231766 0.258619
2.898 -0.970904 -0.970478 -0.239061 -0.241191 0.214329 0.241191
2.916 -0.975045 -0.974662 -0.220972 -0.223684 0.196815 0.223684
2.934 -0.978858 -0.97853 -0.202713 -0.206105 0.17923 0.206105
2.952 -0.982341 -0.982081 -0.184285 -0.188459 0.161578 0.188459
2.97 -0.985491 -0.985314 -0.165687 -0.170752 0.143867 0.170752
2.988 -0.988305 -0.988228 -0.146919 -0.152989 0.126103 0.152989
3.006 -0.990779 -0.990821 -0.127997 -0.135178 0.10829 0.135178
3.024 -0.992913 -0.993094 -0.109123 -0.117322 0.0904367 0.117322
3.042 -0.994708 -0.995045 -0.0903571 -0.0994281 0.0725476 0.0994281
3.06 -0.996167 -0.996673 -0.0717007 -0.0815022 0.0546292 0.0815022
3.078 -0.99729 -0.997979 -0.0531535 -0.0635498 0.0366876 0.0635498
3.096 -0.998081 -0.998961 -0.0347155 -0.0455769 0.0187287 0.0455769
3.114 -0.998541 -0.999619 -0.0163867 -0.0275892 0.00075863 0.0275892
3.132 -0.998672 -0.999954 0.00183295 -0.00959251 -0.0172168 0.00959251
3.15 -0.998475 -0.999965 0.0199434 0.00840725 -0.0351916 -0.00840725
3.168 -0.997954 -0.999651 0.0379447 0.0264043 -0.0531599 -0.0264043
3.186 -0.99711 -0.999014 0.0558368 0.0443928 -0.071116 -0.0443928
3.204 -0.995945 -0.998053 0.0736197 0.0623668 -0.089054 -0.0623668
3.222 -0.99446 -0.996769 0.0912934 0.0803207 -0.106968 -0.0803207
3.24 -0.992659 -0.995162 0.108858 0.0982486 -0.124853 -0.0982486
3.258 -0.990542 -0.993232 0.126313 0.116145 -0.142702 -0.116145
3.276 -0.988112 -0.990981 0.14366 0.134003 -0.16051 -0.134003
3.294 -0.985371 -0.988408 0.160897 0.151818 -0.178272 -0.151818
3.312 -0.982321 -0.985516 0.178024 0.169584 -0.195982 -0.169584
3.33 -0.978963 -0.982304 0.195043 0.187295 -0.213634 -0.187295
3.348 -0.9753 -0.978774 0.211952 0.204945 -0.231223 -0.204945
3.366 -0.971333 -0.974926 0.228753 0.222529 -0.248743 -0.222529
3.384 -0.967065 -0.970763 0.245444 0.24004 -0.266189 -0.24004
3.402 -0.962498 -0.966285 0.262026 0.257474 -0.283555 -0.257474
3.42 -0.957633 -0.961494 0.278499 0.274825 -0.300837 -0.274825
3.438 -0.952473 -0.956392 0.294862 0.292086 -0.318028 -0.292086
3.456 -0.947019 -0.95098 0.311116 0.309253 -0.335124 -0.309253
3.474 -0.941273 -0.94526 0.327262 0.32632 -0.352119 -0.32632
3.492 -0.935238 -0.939233 0.343298 0.34328 -0.369008 -0.34328
3.51 -0.928915 -0.932902 0.359224 0.36013 -0.385786 -0.36013
3.528 -0.922306 -0.926269 0.375042 0.376863 -0.402448 -0.376863
3.546 -0.915414 -0.919336 0.390751 0.393474 -0.418987 -0.393474
3.564 -0.90824 -0.912105 0.40635 0.409957 -0.435401 -0.409957
3.582 -0.900786 -0.904578 0.42184 0.426308 -0.451682 -0.426308
3.6 -0.893055 -0.896758 0.437221 0.44252 -0.467827 -0.44252
3.618 -0.885047 -0.888648 0.452493 0.45859 -0.483831 -0.45859
3.636 -0.876765 -0.88025 0.467655 0.47451 -0.499687 -0.47451
3.654 -0.868212 -0.871567 0.482709 0.490277 -0.515393 -0.490277
3.672 -0.859389 -0.862601 0.497653 0.505885 -0.530941 -0.505885
3.69 -0.850297 -0.853356 0.512488 0.521329 -0.546329 -0.521329
3.708 -0.84094 -0.843834 0.527214 0.536604 -0.561551 -0.536604
3.726 -0.831318 -0.834039 0.54183 0.551705 -0.576601 -0.551705
3.744 -0.821434 -0.823974 0.556338 0.566628 -0.591476 -0.566628
3.762 -0.811291 -0.813642 0.570736 0.581367 -0.606171 -0.581367
3.78 -0.800889 -0.803046 0.585025 0.595917 -0.620681 -0.595917
3.798 -0.79023 -0.79219 0.599205 0.610275 -0.635002 -0.610275
3.816 -0.779318 -0.781077 0.613276 0.624435 -0.649128 -0.624435
3.834 -0.768153 -0.769711 0.627237 0.638392 -0.663056 -0.638392
3.852 -0.756738 -0.758096 0.64109 0.652143 -0.67678 -0.652143
3.87 -0.745075 -0.746236 0.654833 0.665682 -0.690297 -0.665682
3.888 -0.733165 -0.734133 0.668467 0.679006 -0.703601 -0.679006
3.906 -0.72101 -0.721793 0.681992 0.692109 -0.716689 -0.692109
3.924 -0.708614 -0.709218 0.695407 0.704989 -0.729556 -0.704989
3.942 -0.695976 -0.696414 0.708714 0.71764 -0.742198 -0.71764
3.96 -0.683101 -0.683385 0.721911 0.730058 -0.75461 -0.730058
3.978 -0.669988 -0.670134 0.734999 0.74224 -0.766788 -0.74224
3.996 -0.656641 -0.656666 0.747978 0.754182 -0.778728 -0.754182
4.014 -0.643062 -0.642985 0.76078 0.765879 -0.790426 -0.765879
4.032 -0.629255 -0.629095 0.773253 0.777328 -0.801877 -0.777328
4.05 -0.615227 -0.615002 0.785392 0.788525 -0.813078 -0.788525
4.068 -0.600983 -0.60071 0.797197 0.799467 -0.824024 -0.799467
4.086 -0.58653 -0.586223 0.808668 0.81015 -0.834712 -0.81015
4.104 -0.571873 -0.571546 0.819804 0.82057 -0.845138 -0.82057
4.122 -0.557019 -0.556684 0.830607 0.830724 -0.855298 -0.830724
4.14 -0.541973 -0.541642 0.841075 0.840609 -0.865189 -0.840609
4.158 -0.526742 -0.526424 0.851209 0.850222 -0.874808 -0.850222
4.176 -0.511332 -0.511035 0.861009 0.85956 -0.884151 -0.85956
4.194 -0.495748 -0.495481 0.870475 0.868619 -0.893215 -0.868619
4.212 -0.479997 -0.479767 0.879607 0.877396 -0.901997 -0.877396
4.23 -0.464084 -0.463897 0.888405 0.885889 -0.910494 -0.885889
4.248 -0.448016 -0.447877 0.896868 0.894095 -0.918703 -0.894095
4.266 -0.431799 -0.431711 0.904998 0.902012 -0.926621 -0.902012
4.284 -0.415438 -0.415406 0.912793 0.909636 -0.934247 -0.909636
4.302 -0.39894 -0.398966 0.920254 0.916966 -0.941576 -0.916966
4.32 -0.382311 -0.382397 0.927381 0.923998 -0.948608 -0.923998
4.338 -0.365556 -0.365704 0.934174 0.930731 -0.955339 -0.930731
4.356 -0.348683 -0.348892 0.940633 0.937163 -0.961767 -0.937163
4.374 -0.331696 -0.331968 0.946758 0.943291 -0.967891 -0.943291
4.392 -0.314601 -0.314936 0.952548 0.949113 -0.973708 -0.949113
4.41 -0.297406 -0.297802 0.958005 0.954628 -0.979216 -0.954628
4.428 -0.280115 -0.280571 0.963127 0.959833 -0.984414 -0.959833
4.446 -0.262735 -0.26325 0.967915 0.964728 -0.989299 -0.964728
4.464 -0.245272 -0.245843 0.972369 0.96931 -0.993872 -0.96931
4.482 -0.227732 -0.228356 0.976489 0.973578 -0.998129 -0.973578
4.5 -0.210121 -0.210796 0.980275 0.97753 -1.00207 -0.97753
4.518 -0.192444 -0.193167 0.983727 0.981166 -1.00569 -0.981166
4.536 -0.174709 -0.175476 0.986844 0.984484 -1.009 -0.984484
4.554 -0.15692 -0.157728 0.989628 0.987483 -1.01198 -0.987483
4.572 -0.139084 -0.139928 0.992077 0.990162 -1.01465 -0.990162
4.59 -0.121207 -0.122084 0.994192 0.99252 -1.01699 -0.99252
4.608 -0.103295 -0.104199 0.995973 0.994556 -1.01901 -0.994556
4.626 -0.085354 -0.0862816 0.99742 0.996271 -1.02071 -0.996271
4.644 -0.0673899 -0.0683357 0.998533 0.997662 -1.02208 -0.997662
4.662 -0.0494088 -0.0503677 0.999311 0.998731 -1.02313 -0.998731
4.68 -0.0314167 -0.0323833 0.999756 0.999476 -1.02386 -0.999476
4.698 -0.0134196 -0.0143885 0.999866 0.999896 -1.02426 -0.999896
4.716 0.00457647 0.00361101 0.999642 0.999993 -1.02434 -0.999993
4.734 0.0225655 0.0216093 0.999084 0.999766 -1.0241 -0.999766
4.752 0.0405415 0.0396007 0.998192 0.999216 -1.02353 -0.999216
4.77 0.0584984 0.0575792 0.996966 0.998341 -1.02264 -0.998341
4.788 0.0764303 0.075539 0.995406 0.997143 -1.02143 -0.997143
4.806 0.094331 0.0934744 0.993512 0.995622 -1.01989 -0.995622
4.824 0.112195 0.111379 0.991283 0.993778 -1.01803 -0.993778
4.842 0.130015 0.129248 0.98872 0.991612 -1.01585 -0.991612
4.86 0.147787 0.147076 0.985824 0.989125 -1.01335 -0.989125
4.878 0.165503 0.164855 0.982593 0.986318 -1.01053 -0.986318
4.896 0.183158 0.182581 0.979028 0.983191 -1.00739 -0.983191
4.914 0.200746 0.200248 0.975128 0.979745 -1.00394 -0.979745
4.932 0.218261 0.21785 0.970895 0.975982 -1.00017 -0.975982
4.95 0.235696 0.235381 0.966328 0.971903 -0.99608 -0.971903
4.968 0.253046 0.252837 0.961426 0.967509 -0.991681 -0.967509
4.986 0.270305 0.27021 0.95619 0.962801 -0.986971 -0.962801
5.004 0.287467 0.287496 0.950623 0.957782 -0.98195 -0.957782
5.022 0.304526 0.304688 0.944795 0.952452 -0.976622 -0.952452
5.04 0.321478 0.321782 0.938737 0.946814 -0.970988 -0.946814
5.058 0.338319 0.338772 0.932449 0.940869 -0.96505 -0.940869
5.076 0.355045 0.355651 0.925932 0.934619 -0.958809 -0.934619
5.094 0.371652 0.372416 0.919185 0.928066 -0.952269 -0.928066
5.112 0.388135 0.38906 0.912209 0.921212 -0.945431 -0.921212
5.13 0.40449 0.405578 0.905003 0.91406 -0.938297 -0.91406
5.148 0.420713 0.421964 0.897568 0.906612 -0.93087 -0.906612
5.166 0.436801 0.438214 0.889903 0.898871 -0.923152 -0.898871
5.184 0.452748 0.454322 0.882009 0.890838 -0.915146 -0.890838
5.202 0.468552 0.470283 0.873885 0.882516 -0.906854 -0.882516
5.22 0.484207 0.486091 0.865531 0.873908 -0.898279 -0.873908
5.238 0.49971 0.501742 0.856948 0.865018 -0.889423 -0.865018
5.256 0.515056 0.51723 0.848136 0.855847 -0.88029 -0.855847
5.274 0.530241 0.53255 0.839093 0.846398 -0.870882 -0.846398
5.292 0.545262 0.547699 0.829822 0.836676 -0.861203 -0.836676
5.31 0.560113 0.562669 0.82032 0.826682 -0.851254 -0.826682
5.328 0.574792 0.577457 0.81059 0.816421 -0.841039 -0.816421
5.346 0.589293 0.592059 0.800629 0.805895 -0.830562 -0.805895
5.364 0.603613 0.606468 0.790439 0.795108 -0.819826 -0.795108
5.382 0.617748 0.620681 0.78002 0.784063 -0.808834 -0.784063
5.4 0.631692 0.634693 0.769371 0.772764 -0.797588 -0.772764
5.418 0.645444 0.648499 0.758492 0.761215 -0.786094 -0.761215
5.436 0.658997 0.662095 0.747384 0.74942 -0.774353 -0.74942
5.454 0.672348 0.675477 0.736046 0.737381 -0.762371 -0.737381
5.472 0.685493 0.688639 0.724479 0.725104 -0.75015 -0.725104
5.49 0.698428 0.701579 0.712682 0.712592 -0.737695 -0.712592
5.508 0.711148 0.714291 0.700656 0.699848 -0.725008 -0.699848
5.526 0.72365 0.726772 0.6884 0.686879 -0.712095 -0.686879
5.544 0.735929 0.739018 0.675914 0.673686 -0.698958 -0.673686
5.562 0.747982 0.751024 0.663199 0.660275 -0.685602 -0.660275
5.58 0.759803 0.762786 0.650254 0.646651 -0.672032 -0.646651
5.598 0.771389 0.774302 0.63708 0.632817 -0.658251 -0.632817
5.616 0.782736 0.785566 0.623677 0.618777 -0.644263 -0.618777
5.634 0.79384 0.796577 0.610043 0.604538 -0.630074 -0.604538
5.652 0.804697 0.807329 0.59618 0.590102 -0.615687 -0.590102
5.67 0.815301 0.817819 0.582088 0.575475 -0.601106 -0.575475
5.688 0.82565 0.828045 0.567766 0.560662 -0.586337 -0.560662
5.706 0.83574 0.838002 0.553215 0.545667 -0.571384 -0.545667
5.724 0.845565 0.847688 0.538434 0.530496 -0.556252 -0.530496
5.742 0.855122 0.857099 0.523423 0.515152 -0.540946 -0.515152
5.76 0.864407 0.866232 0.508183 0.499642 -0.52547 -0.499642
5.778 0.873415 0.875085 0.492713 0.48397 -0.509829 -0.48397
5.796 0.882143 0.883654 0.477014 0.468141 -0.494028 -0.468141
5.814 0.890586 0.891937 0.461085 0.45216 -0.478073 -0.45216
5.832 0.898741 0.899931 0.444927 0.436033 -0.461969 -0.436033
5.85 0.906602 0.907633 0.428539 0.419764 -0.44572 -0.419764
5.868 0.914167 0.915042 0.411921 0.40336 -0.429333 -0.40336
5.886 0.92143 0.922153 0.395074 0.386824 -0.412812 -0.386824
5.904 0.928388 0.928967 0.377998 0.370164 -0.396163 -0.370164
5.922 0.935037 0.935479 0.360692 0.353383 -0.379392 -0.353383
5.94 0.941371 0.941688 0.343156 0.336488 -0.362504 -0.336488
5.958 0.947389 0.947592 0.325391 0.319484 -0.345505 -0.319484
5.976 0.953084 0.953188 0.307396 0.302377 -0.3284 -0.302377
5.994 0.958454 0.958477 0.289171 0.285171 -0.311196 -0.285171
6.012 0.963493 0.963454 0.270778 0.267874 -0.293898 -0.267874
6.03 0.968202 0.968119 0.252413 0.250489 -0.276512 -0.250489
6.048 0.97258 0.972471 0.234091 0.233023 -0.259044 -0.233023
6.066 0.976629 0.976508 0.215812 0.215482 -0.241501 -0.215482
6.084 0.98035 0.980228 0.197577 0.197871 -0.223888 -0.197871
6.102 0.983742 0.983631 0.179384 0.180196 -0.20621 -0.180196
6.12 0.986808 0.986715 0.161235 0.162462 -0.188475 -0.162462
6.138 0.989547 0.989479 0.143129 0.144676 -0.170687 -0.144676
6.156 0.991961 0.991923 0.125067 0.126843 -0.152853 -0.126843
6.174 0.99405 0.994045 0.107047 0.108968 -0.134979 -0.108968
6.192 0.995815 0.995845 0.0890708 0.091059 -0.117069 -0.091059
6.21 0.997257 0.997323 0.0711378 0.07312 -0.0991311 -0.07312
6.228 0.998376 0.998478 0.053248 0.0551573 -0.0811699 -0.0551573
6.246 0.999174 0.999309 0.0354014 0.0371767 -0.0631915 -0.0371767
6.264 0.999651 0.999816 0.017598 0.0191841 -0.0452016 -0.0191841
6.282 0.999808 0.999999 -0.000162182 0.00118531 -0.027206 -0.00118531
6.3 0.999645 0.999859 -0.0178791 -0.0168139 -0.00921046 0.0168139
6.318 0.999164 0.999394 -0.0355528 -0.0348077 0.0087793 0.0348077
6.336 0.998365 0.998606 -0.0531833 -0.0527901 0.0267575 0.0527901
6.354 0.99725 0.997494 -0.0707706 -0.0707555 0.0447186 0.0707555
6.372 0.995818 0.996059 -0.0883147 -0.088698 0.0626566 0.088698
6.39 0.994071 0.994301 -0.105816 -0.106612 0.0805661 0.106612
6.408 0.992009 0.992221 -0.123273 -0.124491 0.0984413 0.124491
6.426 0.989633 0.989819 -0.140688 -0.14233 0.116277 0.14233
6.444 0.986944 0.987097 -0.158059 -0.160122 0.134066 0.160122
6.462 0.983943 0.984055 -0.175387 -0.177863 0.151805 0.177863
6.48 0.980631 0.980694 -0.192671 -0.195547 0.169486 0.195547
6.498 0.977007 0.977016 -0.209913 -0.213166 0.187106 0.213166
6.516 0.973074 0.973021 -0.227111 -0.230717 0.204657 0.230717
6.534 0.968832 0.968711 -0.244266 -0.248193 0.222134 0.248193
6.552 0.964281 0.964086 -0.261378 -0.265589 0.239533 0.265589
6.57 0.959422 0.95915 -0.278447 -0.282898 0.256847 0.282898
6.588 0.954257 0.953903 -0.295472 -0.300116 0.27407 0.300116
6.606 0.948786 0.948346 -0.312455 -0.317237 0.291198 0.317237
6.624 0.943009 0.942483 -0.329394 -0.334255 0.308225 0.334255
6.642 0.936928 0.936314 -0.346289 -0.351165 0.325145 0.351165
6.66 0.930543 0.929841 -0.363142 -0.367961 0.341952 0.367961
6.678 0.923855 0.923068 -0.379951 -0.384637 0.358642 0.384637
6.696 0.916865 0.915995 -0.396717 -0.401189 0.375209 0.401189
6.714 0.909573 0.908626 -0.41344 -0.417611 0.391648 0.417611
6.732 0.901981 0.900962 -0.43012 -0.433898 0.407952 0.433898
6.75 0.894089 0.893006 -0.446756 -0.450044 0.424117 0.450044
6.768 0.885898 0.884761 -0.46335 -0.466044 0.440137 0.466044
6.786 0.877409 0.87623 -0.4799 -0.481894 0.456008 0.481894
6.804 0.868622 0.867414 -0.496406 -0.497587 0.471722 0.497587
6.822 0.859539 0.858317 -0.51287 -0.513119 0.487276 0.513119
6.84 0.850159 0.848943 -0.52929 -0.528485 0.502664 0.528485
6.858 0.840484 0.839293 -0.545668 -0.543679 0.51788 0.543679
6.876 0.830515 0.829371 -0.562001 -0.558698 0.53292 0.558698
6.894 0.820253 0.819181 -0.578292 -0.573535 0.547777 0.573535
6.912 0.809697 0.808725 -0.59454 -0.588187 0.562447 0.588187
6.93 0.798849 0.798007 -0.610744 -0.602648 0.576924 0.602648
6.948 0.78771 0.787031 -0.626905 -0.616913 0.591204 0.616913
6.966 0.776281 0.7758 -0.643023 -0.630979 0.60528 0.630979
6.984 0.764562 0.764317 -0.659097 -0.644841 0.619148 0.644841
7.002 0.752554 0.752587 -0.675126 -0.658493 0.632803 0.658493
7.02 0.740259 0.740613 -0.690881 -0.671932 0.646238 0.671932
7.038 0.727685 0.728399 -0.70621 -0.685154 0.65945 0.685154
7.056 0.714838 0.715948 -0.721114 -0.698153 0.672433 0.698153
7.074 0.701727 0.703266 -0.735593 -0.710926 0.685183 0.710926
7.092 0.688359 0.690356 -0.749646 -0.723469 0.697694 0.723469
7.11 0.674742 0.677223 -0.763274 -0.735778 0.709962 0.735778
7.128 0.660884 0.66387 -0.776477 -0.747848 0.721983 0.747848
7.146 0.646792 0.650302 -0.789254 -0.759676 0.733753 0.759676
7.164 0.632473 0.636523 -0.801606 -0.771258 0.745266 0.771258
7.182 0.617936 0.622538 -0.813533 -0.78259 0.75652 0.78259
7.2 0.603189 0.608351 -0.825034 -0.793668 0.767511 0.793668
7.218 0.588238 0.593968 -0.83611 -0.804489 0.778234 0.804489
7.236 0.573091 0.579391 -0.84676 -0.81505 0.788686 0.81505
7.254 0.557757 0.564627 -0.856986 -0.825346 0.798864 0.825346
7.272 0.542242 0.54968 -0.866785 -0.835375 0.808764 0.835375
7.29 0.526555 0.534555 -0.87616 -0.845133 0.818384 0.845133
7.308 0.510703 0.519257 -0.885109 -0.854618 0.827719 0.854618
7.326 0.494694 0.503791 -0.893633 -0.863826 0.836768 0.863826
7.344 0.478535 0.488161 -0.901732 -0.872753 0.845528 0.872753
7.362 0.462234 0.472373 -0.909405 -0.881399 0.853995 0.881399
7.38 0.445799 0.456433 -0.916653 -0.889758 0.862167 0.889758
7.398 0.429237 0.440344 -0.923475 -0.897829 0.870043 0.897829
7.416 0.412556 0.424112 -0.929872 -0.90561 0.877619 0.90561
7.434 0.395764 0.407744 -0.935844 -0.913096 0.884894 0.913096
7.452 0.378869 0.391243 -0.94139 -0.920288 0.891866 0.920288
7.47 0.361877 0.374615 -0.946512 -0.92718 0.898533 0.92718
7.488 0.344797 0.357866 -0.951207 -0.933773 0.904893 0.933773
7.506 0.327636 0.341001 -0.955478 -0.940063 0.910945 0.940063
7.524 0.310402 0.324026 -0.959323 -0.946048 0.916687 0.946048
7.542 0.293103 0.306945 -0.962743 -0.951727 0.922119 0.951727
7.56 0.275746 0.289765 -0.965737 -0.957098 0.927239 0.957098
7.578 0.258339 0.272492 -0.968306 -0.962158 0.932046 0.962158
7.596 0.240889 0.25513 -0.97045 -0.966907 0.936539 0.966907
7.614 0.223405 0.237685 -0.972168 -0.971342 0.940717 0.971342
7.632 0.205894 0.220163 -0.973461 -0.975463 0.944581 0.975463
7.65 0.188363 0.20257 -0.974329 -0.979268 0.948129 0.979268
7.668 0.170821 0.184911 -0.974771 -0.982755 0.951362 0.982755
7.686 0.153274 0.167193 -0.974788 -0.985924 0.954279 0.985924
7.704 0.135731 0.14942 -0.97438 -0.988774 0.95688 0.988774
7.722 0.118199 0.131599 -0.973546 -0.991303 0.959165 0.991303
7.74 0.100686 0.113735 -0.972287 -0.993511 0.961135 0.993511
7.758 0.083199 0.0958343 -0.970603 -0.995397 0.96279 0.995397
7.776 0.0657465 0.0779026 -0.968493 -0.996961 0.964131 0.996961
7.794 0.0483358 0.0599457 -0.965958 -0.998202 0.965157 0.998202
7.812 0.0309745 0.0419693 -0.962998 -0.999119 0.965871 0.999119
7.83 0.0136704 0.0239793 -0.959612 -0.999712 0.966273 0.999712
7.848 -0.00356896 0.0059816 -0.955801 -0.999982 0.966363 0.999982
7.866 -0.0207359 -0.0120181 -0.951565 -0.999928 0.966145 0.999928
7.884 -0.0378227 -0.0300139 -0.946903 -0.999549 0.965617 0.999549
7.902 -0.0548218 -0.0479999 -0.941816 -0.998847 0.964784 0.998847
7.92 -0.0717256 -0.0659704 -0.936304 -0.997822 0.963644 0.997822
7.938 -0.0885262 -0.0839196 -0.930366 -0.996473 0.962202 0.996473
7.956 -0.105216 -0.101841 -0.924003 -0.994801 0.960458 0.994801
7.974 -0.121788 -0.11973 -0.917214 -0.992806 0.958415 0.992806
7.992 -0.138233 -0.137581 -0.910001 -0.990491 0.956075 0.990491
8.01 -0.154546 -0.155386 -0.902448 -0.987854 0.953439 0.987854
8.028 -0.170722 -0.173141 -0.894977 -0.984897 0.950512 0.984897
8.046 -0.186766 -0.190841 -0.887644 -0.981621 0.947294 0.981621
8.064 -0.202678 -0.208478 -0.880447 -0.978027 0.943789 0.978027
8.082 -0.218462 -0.226048 -0.873387 -0.974116 0.939999 0.974116
8.1 -0.234121 -0.243544 -0.866465 -0.96989 0.935925 0.96989
8.118 -0.249656 -0.260962 -0.85968 -0.965349 0.931571 0.965349
8.136 -0.26507 -0.278295 -0.853031 -0.960496 0.926938 0.960496
8.154 -0.280366 -0.295538 -0.84652 -0.955331 0.922029 0.955331
8.172 -0.295546 -0.312685 -0.840146 -0.949857 0.916846 0.949857
8.19 -0.310612 -0.329731 -0.833909 -0.944075 0.91139 0.944075
8.208 -0.325567 -0.34667 -0.827809 -0.937987 0.905664 0.937987
8.226 -0.340414 -0.363496 -0.821846 -0.931596 0.89967 0.931596
8.244 -0.355155 -0.380205 -0.81602 -0.924902 0.89341 0.924902
8.262 -0.369792 -0.396791 -0.810331 -0.917909 0.886885 0.917909
8.28 -0.384327 -0.413248 -0.804779 -0.910618 0.880098 0.910618
8.298 -0.398764 -0.429572 -0.799365 -0.903033 0.87305 0.903033
8.316 -0.413105 -0.445756 -0.794087 -0.895155 0.865743 0.895155
8.334 -0.427352 -0.461795 -0.788947 -0.886986 0.858179 0.886986
8.352 -0.441508 -0.477686 -0.783944 -0.878531 0.850359 0.878531
8.37 -0.455575 -0.493421 -0.779077 -0.869791 0.842285 0.869791
8.388 -0.469556 -0.508996 -0.774348 -0.860769 0.833959 0.860769
8.406 -0.483453 -0.524407 -0.769756 -0.851468 0.825382 0.851468
8.424 -0.497268 -0.539648 -0.765301 -0.841891 0.816555 0.841891
8.442 -0.511004 -0.554713 -0.760983 -0.832042 0.807481 0.832042
8.46 -0.524664 -0.569599 -0.756802 -0.821922 0.798159 0.821922
8.478 -0.53825 -0.584301 -0.752758 -0.811537 0.788593 0.811537
8.496 -0.551764 -0.598813 -0.748851 -0.800889 0.778783 0.800889
8.514 -0.565209 -0.613131 -0.745082 -0.789981 0.76873 0.789981
8.532 -0.578588 -0.627251 -0.741449 -0.778817 0.758436 0.778817
8.55 -0.591902 -0.641167 -0.737954 -0.767401 0.747901 0.767401
8.568 -0.605155 -0.654876 -0.734595 -0.755736 0.737128 0.755736
8.586 -0.618349 -0.668372 -0.731374 -0.743827 0.726116 0.743827
8.604 -0.631485 -0.681652 -0.728289 -0.731676 0.714867 0.731676
8.622 -0.644568 -0.694711 -0.725342 -0.719289 0.703383 0.719289
8.64 -0.657598 -0.707545 -0.722532 -0.706668 0.691663 0.706668
8.658 -0.67058 -0.72015 -0.719859 -0.693818 0.67971 0.693818
8.676 -0.683514 -0.732521 -0.717323 -0.680744 0.667523 0.680744
8.694 -0.696404 -0.744655 -0.714924 -0.667449 0.655103 0.667449
8.712 -0.709252 -0.756548 -0.712663 -0.653938 0.642452 0.653938
8.73 -0.722061 -0.768196 -0.710538 -0.640215 0.629571 0.640215
8.748 -0.734832 -0.779595 -0.70855 -0.626284 0.616458 0.626284
8.766 -0.74757 -0.790741 -0.7067 -0.612151 0.603117 0.612151
8.784 -0.760274 -0.801631 -0.704986 -0.597819 0.589546 0.597819
8.802 -0.77295 -0.812261 -0.70341 -0.583294 0.575747 0.583294
8.82 -0.785598 -0.822628 -0.70197 -0.568579 0.56172 0.568579
8.838 -0.798222 -0.832729 -0.700668 -0.553681 0.547466 0.553681
8.856 -0.810823 -0.84256 -0.699503 -0.538603 0.532984 0.538603
8.874 -0.823405 -0.852118 -0.698475 -0.52335 0.518276 0.52335
8.892 -0.835969 -0.861399 -0.697584 -0.507928 0.503342 0.507928
8.91 -0.848518 -0.870402 -0.69683 -0.492342 0.488181 0.492342
8.928 -0.861056 -0.879123 -0.696213 -0.476595 0.472795 0.476595
8.946 -0.873583 -0.887559 -0.695733 -0.460695 0.457183 0.460695
8.964 -0.886103 -0.895707 -0.695391 -0.444645 0.441346 0.444645
8.982 -0.898618 -0.903565 -0.695185 -0.428451 0.425284 0.428451
9 -0.91113 -0.91113 -0.695116 -0.412118 0.408996 0.412118
