# z  qspline(z)  sin(z)  qspline'(z)  cos(z)  qspline_integ(z)  1-cos(z)
0 0 0 0.757905 1 0 0
0.018 0.0136694 0.017999 0.760914 0.999838 0.000122943 0.000161996
0.036 0.0273929 0.0359922 0.763922 0.999352 0.000492422 0.00064793
0.054 0.0411706 0.0539738 0.76693 0.998542 0.00110941 0.00145765
0.072 0.0550024 0.0719378 0.769939 0.997409 0.00197489 0.00259088
0.09 0.0688883 0.0898785 0.772947 0.995953 0.00308982 0.00404727
0.108 0.0828285 0.10779 0.775955 0.994174 0.00445519 0.00582633
0.126 0.0968227 0.125667 0.778964 0.992072 0.00607197 0.0079275
0.144 0.110871 0.143503 0.781972 0.98965 0.00794114 0.0103501
0.162 0.124974 0.161292 0.78498 0.986907 0.0100637 0.0130933
0.18 0.13913 0.17903 0.787989 0.983844 0.0124405 0.0161563
0.198 0.153341 0.196709 0.790997 0.980462 0.0150727 0.019538
0.216 0.167606 0.214324 0.794006 0.976763 0.0179611 0.0232374
0.234 0.181926 0.23187 0.797014 0.972747 0.0211068 0.0272533
0.252 0.196299 0.249341 0.800022 0.968416 0.0245108 0.0315843
0.27 0.210726 0.266731 0.803031 0.963771 0.0281739 0.0362291
0.288 0.225208 0.284035 0.806039 0.958814 0.0320972 0.0411861
0.306 0.239744 0.301247 0.809047 0.953546 0.0362817 0.0464538
0.324 0.254334 0.318361 0.812056 0.94797 0.0407283 0.0520304
0.342 0.268978 0.335372 0.815064 0.942086 0.0454381 0.0579142
0.36 0.283676 0.352274 0.818073 0.935897 0.0504119 0.0641032
0.378 0.298428 0.369062 0.821081 0.929405 0.0556507 0.0705954
0.396 0.313235 0.385731 0.824089 0.922611 0.0611556 0.0773887
0.414 0.328096 0.402275 0.827098 0.915519 0.0669275 0.0844809
0.432 0.34301 0.418688 0.830106 0.90813 0.0729674 0.0918698
0.45 0.357979 0.434966 0.833114 0.900447 0.0792762 0.0995529
0.468 0.373003 0.451102 0.836123 0.892472 0.085855 0.107528
0.486 0.38808 0.467093 0.839131 0.884208 0.0927046 0.115792
0.504 0.403211 0.482932 0.84214 0.875658 0.0998262 0.124342
0.522 0.418397 0.498615 0.845148 0.866824 0.107221 0.133176
0.54 0.433637 0.514136 0.848156 0.857709 0.114889 0.142291
0.558 0.44893 0.529491 0.851165 0.848316 0.122832 0.151684
0.576 0.464279 0.544674 0.854173 0.838648 0.131051 0.161352
0.594 0.479681 0.55968 0.857181 0.828709 0.139546 0.171291
0.612 0.495137 0.574506 0.86019 0.818501 0.148319 0.181499
0.63 0.510648 0.589145 0.863198 0.808028 0.157371 0.191972
0.648 0.526212 0.603593 0.866206 0.797293 0.166703 0.202707
0.666 0.541831 0.617846 0.869215 0.786299 0.176315 0.213701
0.684 0.557504 0.631898 0.872223 0.775051 0.186209 0.224949
0.702 0.573231 0.645746 0.875232 0.763552 0.196386 0.236448
0.72 0.589012 0.659385 0.87824 0.751806 0.206846 0.248194
0.738 0.604848 0.67281 0.881248 0.739816 0.217591 0.260184
0.756 0.620737 0.686017 0.884257 0.727586 0.228621 0.272414
0.774 0.636681 0.699001 0.887265 0.71512 0.239937 0.28488
0.792 0.652679 0.71176 0.890273 0.702423 0.251542 0.297577
0.81 0.668731 0.724287 0.893282 0.689498 0.263434 0.310502
0.828 0.684837 0.73658 0.89629 0.67635 0.275616 0.32365
0.846 0.700997 0.748634 0.899299 0.662983 0.288089 0.337017
0.864 0.717212 0.760446 0.902307 0.649401 0.300852 0.350599
0.882 0.73348 0.772012 0.905315 0.635608 0.313909 0.364392
0.9 0.749803 0.783327 0.908324 0.62161 0.327258 0.37839
0.918 0.76618 0.794388 0.911332 0.60741 0.340902 0.39259
0.936 0.782611 0.805192 0.91434 0.593014 0.354841 0.406986
0.954 0.799096 0.815736 0.917349 0.578425 0.369076 0.421575
0.972 0.815635 0.826015 0.920357 0.563649 0.383609 0.436351
0.99 0.832229 0.836026 0.923366 0.54869 0.398439 0.45131
1.008 0.848816 0.845766 0.911321 0.533553 0.413569 0.466447
1.026 0.864942 0.855233 0.880462 0.518244 0.428994 0.481756
1.044 0.880513 0.864422 0.849602 0.502767 0.444704 0.497233
1.062 0.895528 0.873331 0.818743 0.487126 0.460689 0.512874
1.08 0.909988 0.881958 0.787883 0.471328 0.476939 0.528672
1.098 0.923892 0.890298 0.757024 0.455378 0.493445 0.544622
1.116 0.937241 0.898351 0.726164 0.439279 0.510196 0.560721
1.134 0.950034 0.906112 0.695304 0.423039 0.527182 0.576961
1.152 0.962272 0.913579 0.664445 0.406661 0.544394 0.593339
1.17 0.973954 0.920751 0.633585 0.390152 0.561821 0.609848
1.188 0.985081 0.927624 0.602726 0.373516 0.579453 0.626484
1.206 0.995652 0.934196 0.571866 0.356759 0.59728 0.643241
1.224 1.00567 0.940466 0.541007 0.339887 0.615293 0.660113
1.242 1.01513 0.946432 0.510147 0.322904 0.633481 0.677096
1.26 1.02403 0.95209 0.479287 0.305817 0.651834 0.694183
1.278 1.03238 0.957441 0.448428 0.288631 0.670343 0.711369
1.296 1.04018 0.96248 0.417568 0.271351 0.688997 0.728649
1.314 1.04742 0.967209 0.386709 0.253983 0.707786 0.746017
1.332 1.0541 0.971623 0.355849 0.236533 0.7267 0.763467
1.35 1.06023 0.975723 0.32499 0.219007 0.74573 0.780993
1.368 1.0658 0.979507 0.29413 0.201409 0.764865 0.798591
1.386 1.07081 0.982974 0.26327 0.183746 0.784096 0.816254
1.404 1.07528 0.986122 0.232411 0.166024 0.803411 0.833976
1.422 1.07918 0.98895 0.201551 0.148248 0.822802 0.851752
1.44 1.08253 0.991458 0.170692 0.130424 0.842258 0.869576
1.458 1.08533 0.993645 0.139832 0.112557 0.86177 0.887443
1.476 1.08757 0.99551 0.108973 0.0946544 0.881327 0.905346
1.494 1.08925 0.997053 0.078113 0.0767209 0.900919 0.923279
1.512 1.09038 0.998272 0.0472534 0.0587625 0.920536 0.941238
1.53 1.09095 0.999168 0.0163938 0.040785 0.940169 0.959215
1.548 1.09097 0.99974 -0.0144658 0.0227944 0.959807 0.977206
1.566 1.09043 0.999988 -0.0453253 0.00479631 0.979441 0.995204
1.584 1.08934 0.999913 -0.0761849 -0.0132033 0.999059 1.0132
1.602 1.08769 0.999513 -0.107044 -0.0311986 1.01865 1.0312
1.62 1.08548 0.99879 -0.137904 -0.0491838 1.03821 1.04918
1.638 1.08272 0.997743 -0.168764 -0.0671531 1.05773 1.06715
1.656 1.07941 0.996372 -0.199623 -0.0851006 1.07719 1.0851
1.674 1.07554 0.994679 -0.230483 -0.103021 1.09658 1.10302
1.692 1.07111 0.992664 -0.261342 -0.120907 1.1159 1.12091
1.71 1.06613 0.990327 -0.292202 -0.138755 1.13514 1.13875
1.728 1.06059 0.987669 -0.323061 -0.156557 1.15428 1.15656
1.746 1.0545 0.984691 -0.353921 -0.174309 1.17332 1.17431
1.764 1.04785 0.981394 -0.384781 -0.192004 1.19224 1.192
1.782 1.04065 0.977779 -0.41564 -0.209637 1.21104 1.20964
1.8 1.03289 0.973848 -0.4465 -0.227202 1.2297 1.2272
1.818 1.02457 0.9696 -0.477359 -0.244694 1.24822 1.24469
1.836 1.0157 0.965039 -0.508219 -0.262106 1.26658 1.26211
1.854 1.00628 0.960165 -0.539079 -0.279433 1.28478 1.27943
1.872 0.996294 0.95498 -0.569938 -0.29667 1.3028 1.29667
1.89 0.985757 0.949486 -0.600798 -0.313811 1.32064 1.31381
1.908 0.974665 0.943684 -0.631657 -0.33085 1.33829 1.33085
1.926 0.963018 0.937576 -0.662517 -0.347781 1.35573 1.34778
1.944 0.950815 0.931164 -0.693376 -0.3646 1.37295 1.3646
1.962 0.938056 0.924451 -0.724236 -0.381301 1.38995 1.3813
1.98 0.924742 0.917438 -0.755096 -0.397879 1.40672 1.39788
1.998 0.910873 0.910128 -0.785955 -0.414327 1.42324 1.41433
2.016 0.896673 0.902523 -0.788705 -0.430642 1.43951 1.43064
2.034 0.882483 0.894626 -0.787942 -0.446816 1.45552 1.44682
2.052 0.868307 0.886438 -0.787178 -0.462846 1.47128 1.46285
2.07 0.854144 0.877964 -0.786415 -0.478727 1.48678 1.47873
2.088 0.839996 0.869205 -0.785652 -0.494451 1.50203 1.49445
2.106 0.825861 0.860165 -0.784888 -0.510016 1.51702 1.51002
2.124 0.81174 0.850846 -0.784125 -0.525416 1.53176 1.52542
2.142 0.797633 0.841251 -0.783361 -0.540645 1.54624 1.54065
2.16 0.783539 0.831383 -0.782598 -0.555699 1.56047 1.5557
2.178 0.769459 0.821247 -0.781834 -0.570573 1.57445 1.57057
2.196 0.755393 0.810844 -0.781071 -0.585262 1.58817 1.58526
2.214 0.74134 0.800178 -0.780308 -0.599762 1.60164 1.59976
2.232 0.727302 0.789254 -0.779544 -0.614067 1.61486 1.61407
2.25 0.713277 0.778073 -0.778781 -0.628174 1.62783 1.62817
2.268 0.699266 0.766641 -0.778017 -0.642076 1.64054 1.64208
2.286 0.685268 0.75496 -0.777254 -0.655771 1.653 1.65577
2.304 0.671285 0.743034 -0.77649 -0.669254 1.66521 1.66925
2.322 0.657315 0.730868 -0.775727 -0.682519 1.67717 1.68252
2.34 0.643358 0.718465 -0.774964 -0.695563 1.68887 1.69556
2.358 0.629416 0.705829 -0.7742 -0.708382 1.70033 1.70838
2.376 0.615487 0.692964 -0.773437 -0.720972 1.71153 1.72097
2.394 0.601572 0.679875 -0.772673 -0.733328 1.72249 1.73333
2.412 0.587671 0.666566 -0.77191 -0.745446 1.73319 1.74545
2.43 0.573783 0.653041 -0.771146 -0.757323 1.74364 1.75732
2.448 0.55991 0.639304 -0.770383 -0.768954 1.75385 1.76895
2.466 0.54605 0.62536 -0.769619 -0.780336 1.7638 1.78034
2.484 0.532203 0.611213 -0.768856 -0.791466 1.7735 1.79147
2.502 0.518371 0.596869 -0.768093 -0.802339 1.78296 1.80234
2.52 0.504552 0.582331 -0.767329 -0.812952 1.79216 1.81295
2.538 0.490747 0.567604 -0.766566 -0.823302 1.80112 1.8233
2.556 0.476956 0.552693 -0.765802 -0.833385 1.80983 1.83338
2.574 0.463178 0.537604 -0.765039 -0.843198 1.81829 1.8432
2.592 0.449414 0.52234 -0.764275 -0.852737 1.82651 1.85274
2.61 0.435664 0.506907 -0.763512 -0.862001 1.83447 1.862
2.628 0.421928 0.49131 -0.762749 -0.870985 1.84219 1.87099
2.646 0.408205 0.475553 -0.761985 -0.879687 1.84966 1.87969
2.664 0.394496 0.459643 -0.761222 -0.888104 1.85689 1.8881
2.682 0.380801 0.443583 -0.760458 -0.896233 1.86386 1.89623
2.7 0.36712 0.42738 -0.759695 -0.904072 1.87059 1.90407
2.718 0.353452 0.411038 -0.758931 -0.911618 1.87708 1.91162
2.736 0.339798 0.394563 -0.758168 -0.918869 1.88332 1.91887
2.754 0.326158 0.377961 -0.757404 -0.925822 1.88931 1.92582
2.772 0.312532 0.361236 -0.756641 -0.932475 1.89506 1.93247
2.79 0.298919 0.344393 -0.755878 -0.938825 1.90056 1.93883
2.808 0.28532 0.32744 -0.755114 -0.944872 1.90582 1.94487
2.826 0.271735 0.31038 -0.754351 -0.950613 1.91083 1.95061
2.844 0.258164 0.29322 -0.753587 -0.956045 1.9156 1.95605
2.862 0.244606 0.275964 -0.752824 -0.961168 1.92013 1.96117
2.88 0.231062 0.258619 -0.75206 -0.965979 1.92441 1.96598
2.898 0.217532 0.241191 -0.751297 -0.970478 1.92845 1.97048
2.916 0.204015 0.223684 -0.750534 -0.974662 1.93224 1.97466
2.934 0.190512 0.206105 -0.74977 -0.97853 1.93579 1.97853
2.952 0.177023 0.188459 -0.749007 -0.982081 1.9391 1.98208
2.97 0.163548 0.170752 -0.748243 -0.985314 1.94216 1.98531
2.988 0.150087 0.152989 -0.74748 -0.988228 1.94499 1.98823
3.006 0.136633 0.135178 -0.748782 -0.990821 1.94757 1.99082
3.024 0.123106 0.117322 -0.754217 -0.993094 1.94991 1.99309
3.042 0.109481 0.0994281 -0.759651 -0.995045 1.952 1.99504
3.06 0.0957583 0.0815022 -0.765085 -0.996673 1.95385 1.99667
3.078 0.0819379 0.0635498 -0.770519 -0.997979 1.95545 1.99798
3.096 0.0680196 0.0455769 -0.775954 -0.998961 1.9568 1.99896
3.114 0.0540036 0.0275892 -0.781388 -0.999619 1.95789 1.99962
3.132 0.0398897 0.00959251 -0.786822 -0.999954 1.95874 1.99995
3.15 0.025678 -0.00840725 -0.792256 -0.999965 1.95933 1.99996
3.168 0.0113684 -0.0264043 -0.797691 -0.999651 1.95966 1.99965
3.186 -0.0030389 -0.0443928 -0.803125 -0.999014 1.95974 1.99901
3.204 -0.0175441 -0.0623668 -0.808559 -0.998053 1.95955 1.99805
3.222 -0.032147 -0.0803207 -0.813993 -0.996769 1.95911 1.99677
3.24 -0.0468478 -0.0982486 -0.819428 -0.995162 1.9584 1.99516
3.258 -0.0616464 -0.116145 -0.824862 -0.993232 1.95742 1.99323
3.276 -0.0765428 -0.134003 -0.830296 -0.990981 1.95618 1.99098
3.294 -0.0915371 -0.151818 -0.83573 -0.988408 1.95466 1.98841
3.312 -0.106629 -0.169584 -0.841165 -0.985516 1.95288 1.98552
3.33 -0.121819 -0.187295 -0.846599 -0.982304 1.95082 1.9823
3.348 -0.137107 -0.204945 -0.852033 -0.978774 1.94849 1.97877
3.366 -0.152492 -0.222529 -0.857467 -0.974926 1.94589 1.97493
3.384 -0.167976 -0.24004 -0.862902 -0.970763 1.943 1.97076
3.402 -0.183557 -0.257474 -0.868336 -0.966285 1.93984 1.96629
3.42 -0.199236 -0.274825 -0.87377 -0.961494 1.93639 1.96149
3.438 -0.215012 -0.292086 -0.879205 -0.956392 1.93267 1.95639
3.456 -0.230887 -0.309253 -0.884639 -0.95098 1.92865 1.95098
3.474 -0.246859 -0.32632 -0.890073 -0.94526 1.92435 1.94526
3.492 -0.26293 -0.34328 -0.895507 -0.939233 1.91977 1.93923
3.51 -0.279098 -0.36013 -0.900942 -0.932902 1.91489 1.9329
3.528 -0.295364 -0.376863 -0.906376 -0.926269 1.90972 1.92627
3.546 -0.311727 -0.393474 -0.91181 -0.919336 1.90425 1.91934
3.564 -0.328189 -0.409957 -0.917244 -0.912105 1.89849 1.9121
3.582 -0.344748 -0.426308 -0.922679 -0.904578 1.89244 1.90458
3.6 -0.361405 -0.44252 -0.928113 -0.896758 1.88608 1.89676
3.618 -0.37816 -0.45859 -0.933547 -0.888648 1.87943 1.88865
3.636 -0.395013 -0.47451 -0.938981 -0.88025 1.87247 1.88025
3.654 -0.411963 -0.490277 -0.944416 -0.871567 1.86521 1.87157
3.672 -0.429012 -0.505885 -0.94985 -0.862601 1.85764 1.8626
3.69 -0.446158 -0.521329 -0.955284 -0.853356 1.84976 1.85336
3.708 -0.463402 -0.536604 -0.960718 -0.843834 1.84158 1.84383
3.726 -0.480744 -0.551705 -0.966153 -0.834039 1.83308 1.83404
3.744 -0.498183 -0.566628 -0.971587 -0.823974 1.82427 1.82397
3.762 -0.515721 -0.581367 -0.977021 -0.813642 1.81514 1.81364
3.78 -0.533356 -0.595917 -0.982455 -0.803046 1.8057 1.80305
3.798 -0.551089 -0.610275 -0.98789 -0.79219 1.79594 1.79219
3.816 -0.56892 -0.624435 -0.993324 -0.781077 1.78586 1.78108
3.834 -0.586849 -0.638392 -0.998758 -0.769711 1.77546 1.76971
3.852 -0.604876 -0.652143 -1.00419 -0.758096 1.76473 1.7581
3.87 -0.623 -0.665682 -1.00963 -0.746236 1.75368 1.74624
3.888 -0.641222 -0.679006 -1.01506 -0.734133 1.74231 1.73413
3.906 -0.659542 -0.692109 -1.0205 -0.721793 1.7306 1.72179
3.924 -0.67796 -0.704989 -1.02593 -0.709218 1.71856 1.70922
3.942 -0.696476 -0.71764 -1.03136 -0.696414 1.70619 1.69641
3.96 -0.715089 -0.730058 -1.0368 -0.683385 1.69349 1.68338
3.978 -0.7338 -0.74224 -1.04223 -0.670134 1.68045 1.67013
3.996 -0.752609 -0.754182 -1.04767 -0.656666 1.66707 1.65667
4.014 -0.771321 -0.765879 -1.02517 -0.642985 1.65335 1.64298
4.032 -0.789499 -0.777328 -0.994682 -0.629095 1.63931 1.6291
4.05 -0.807129 -0.788525 -0.964199 -0.615002 1.62494 1.615
4.068 -0.824211 -0.799467 -0.933716 -0.60071 1.61025 1.60071
4.086 -0.840743 -0.81015 -0.903233 -0.586223 1.59527 1.58622
4.104 -0.856727 -0.82057 -0.87275 -0.571546 1.57999 1.57155
4.122 -0.872162 -0.830724 -0.842267 -0.556684 1.56443 1.55668
4.14 -0.887049 -0.840609 -0.811783 -0.541642 1.5486 1.54164
4.158 -0.901386 -0.850222 -0.7813 -0.526424 1.5325 1.52642
4.176 -0.915175 -0.85956 -0.750817 -0.511035 1.51615 1.51104
4.194 -0.928416 -0.868619 -0.720334 -0.495481 1.49956 1.49548
4.212 -0.941107 -0.877396 -0.689851 -0.479767 1.48273 1.47977
4.23 -0.95325 -0.885889 -0.659368 -0.463897 1.46568 1.4639
4.248 -0.964845 -0.894095 -0.628885 -0.447877 1.44842 1.44788
4.266 -0.97589 -0.902012 -0.598402 -0.431711 1.43095 1.43171
4.284 -0.986387 -0.909636 -0.567919 -0.415406 1.41329 1.41541
4.302 -0.996335 -0.916966 -0.537436 -0.398966 1.39544 1.39897
4.32 -1.00573 -0.923998 -0.506953 -0.382397 1.37742 1.3824
4.338 -1.01459 -0.930731 -0.47647 -0.365704 1.35924 1.3657
4.356 -1.02289 -0.937163 -0.445986 -0.348892 1.3409 1.34889
4.374 -1.03064 -0.943291 -0.415503 -0.331968 1.32242 1.33197
4.392 -1.03785 -0.949113 -0.38502 -0.314936 1.3038 1.31494
4.41 -1.0445 -0.954628 -0.354537 -0.297802 1.28506 1.2978
4.428 -1.05061 -0.959833 -0.324054 -0.280571 1.2662 1.28057
4.446 -1.05617 -0.964728 -0.293571 -0.26325 1.24724 1.26325
4.464 -1.06118 -0.96931 -0.263088 -0.245843 1.22818 1.24584
4.482 -1.06564 -0.973578 -0.232605 -0.228356 1.20904 1.22836
4.5 -1.06955 -0.97753 -0.202122 -0.210796 1.18982 1.2108
4.518 -1.07292 -0.981166 -0.171639 -0.193167 1.17054 1.19317
4.536 -1.07573 -0.984484 -0.141156 -0.175476 1.1512 1.17548
4.554 -1.078 -0.987483 -0.110673 -0.157728 1.13182 1.15773
4.572 -1.07971 -0.990162 -0.0801894 -0.139928 1.1124 1.13993
4.59 -1.08088 -0.99252 -0.0497064 -0.122084 1.09295 1.12208
4.608 -1.0815 -0.994556 -0.0192233 -0.104199 1.07349 1.1042
4.626 -1.08158 -0.996271 0.0112598 -0.0862816 1.05402 1.08628
4.644 -1.0811 -0.997662 0.0417429 -0.0683357 1.03455 1.06834
4.662 -1.08007 -0.998731 0.072226 -0.0503677 1.0151 1.05037
4.68 -1.0785 -0.999476 0.102709 -0.0323833 0.995675 1.03238
4.698 -1.07638 -0.999896 0.133192 -0.0143885 0.976281 1.01439
4.716 -1.0737 -0.999993 0.163675 0.00361101 0.956929 0.996389
4.734 -1.07048 -0.999766 0.194158 0.0216093 0.937631 0.978391
4.752 -1.06671 -0.999216 0.224641 0.0396007 0.918395 0.960399
4.77 -1.0624 -0.998341 0.255124 0.0575792 0.899232 0.942421
4.788 -1.05753 -0.997143 0.285608 0.075539 0.880152 0.924461
4.806 -1.05211 -0.995622 0.316091 0.0934744 0.861164 0.906526
4.824 -1.04615 -0.993778 0.346574 0.111379 0.842279 0.888621
4.842 -1.03964 -0.991612 0.377057 0.129248 0.823506 0.870752
4.86 -1.03258 -0.989125 0.40754 0.147076 0.804856 0.852924
4.878 -1.02497 -0.986318 0.438023 0.164855 0.786337 0.835145
4.896 -1.01681 -0.983191 0.468506 0.182581 0.76796 0.817419
4.914 -1.0081 -0.979745 0.498989 0.200248 0.749735 0.799752
4.932 -0.998844 -0.975982 0.529472 0.21785 0.731672 0.78215
4.95 -0.989039 -0.971903 0.559955 0.235381 0.71378 0.764619
4.968 -0.978685 -0.967509 0.590438 0.252837 0.69607 0.747163
4.986 -0.967783 -0.962801 0.620921 0.27021 0.678551 0.72979
5.004 -0.956345 -0.957782 0.64491 0.287496 0.661233 0.712504
5.022 -0.944726 -0.952452 0.646165 0.304688 0.644123 0.695312
5.04 -0.933083 -0.946814 0.647421 0.321782 0.627223 0.678218
5.058 -0.921418 -0.940869 0.648676 0.338772 0.610532 0.661228
5.076 -0.909731 -0.934619 0.649932 0.355651 0.594052 0.644349
5.094 -0.898021 -0.928066 0.651188 0.372416 0.577782 0.627584
5.112 -0.886288 -0.921212 0.652443 0.38906 0.561723 0.61094
5.13 -0.874533 -0.91406 0.653699 0.405578 0.545876 0.594422
5.148 -0.862755 -0.906612 0.654955 0.421964 0.53024 0.578036
5.166 -0.850954 -0.898871 0.65621 0.438214 0.514817 0.561786
5.184 -0.839131 -0.890838 0.657466 0.454322 0.499606 0.545678
5.202 -0.827286 -0.882516 0.658721 0.470283 0.484608 0.529717
5.22 -0.815417 -0.873908 0.659977 0.486091 0.469824 0.513909
5.238 -0.803527 -0.865018 0.661233 0.501742 0.455253 0.498258
5.256 -0.791613 -0.855847 0.662488 0.51723 0.440897 0.48277
5.274 -0.779677 -0.846398 0.663744 0.53255 0.426755 0.46745
5.292 -0.767718 -0.836676 0.664999 0.547699 0.412829 0.452301
5.31 -0.755737 -0.826682 0.666255 0.562669 0.399118 0.437331
5.328 -0.743733 -0.816421 0.667511 0.577457 0.385622 0.422543
5.346 -0.731707 -0.805895 0.668766 0.592059 0.372343 0.407941
5.364 -0.719658 -0.795108 0.670022 0.606468 0.359281 0.393532
5.382 -0.707586 -0.784063 0.671278 0.620681 0.346436 0.379319
5.4 -0.695492 -0.772764 0.672533 0.634693 0.333808 0.365307
5.418 -0.683375 -0.761215 0.673789 0.648499 0.321398 0.351501
5.436 -0.671235 -0.74942 0.675044 0.662095 0.309207 0.337905
5.454 -0.659073 -0.737381 0.6763 0.675477 0.297234 0.324523
5.472 -0.646888 -0.725104 0.677556 0.688639 0.28548 0.311361
5.49 -0.634681 -0.712592 0.678811 0.701579 0.273946 0.298421
5.508 -0.622451 -0.699848 0.680067 0.714291 0.262632 0.285709
5.526 -0.610199 -0.686879 0.681322 0.726772 0.251538 0.273228
5.544 -0.597924 -0.673686 0.682578 0.739018 0.240665 0.260982
5.562 -0.585626 -0.660275 0.683834 0.751024 0.230013 0.248976
5.58 -0.573306 -0.646651 0.685089 0.762786 0.219583 0.237214
5.598 -0.560963 -0.632817 0.686345 0.774302 0.209374 0.225698
5.616 -0.548597 -0.618777 0.687601 0.785566 0.199388 0.214434
5.634 -0.536209 -0.604538 0.688856 0.796577 0.189625 0.203423
5.652 -0.523798 -0.590102 0.690112 0.807329 0.180085 0.192671
5.67 -0.511365 -0.575475 0.691367 0.817819 0.170768 0.182181
5.688 -0.498909 -0.560662 0.692623 0.828045 0.161676 0.171955
5.706 -0.486431 -0.545667 0.693879 0.838002 0.152808 0.161998
5.724 -0.473929 -0.530496 0.695134 0.847688 0.144164 0.152312
5.742 -0.461406 -0.515152 0.69639 0.857099 0.135746 0.142901
5.76 -0.448859 -0.499642 0.697645 0.866232 0.127554 0.133768
5.778 -0.43629 -0.48397 0.698901 0.875085 0.119587 0.124915
5.796 -0.423699 -0.468141 0.700157 0.883654 0.111847 0.116346
5.814 -0.411085 -0.45216 0.701412 0.891937 0.104334 0.108063
5.832 -0.398448 -0.436033 0.702668 0.899931 0.0970485 0.100069
5.85 -0.385789 -0.419764 0.703924 0.907633 0.0899904 0.0923667
5.868 -0.373107 -0.40336 0.705179 0.915042 0.0831603 0.0849584
5.886 -0.360402 -0.386824 0.706435 0.922153 0.0765586 0.0778466
5.904 -0.347675 -0.370164 0.70769 0.928967 0.0701859 0.0710335
5.922 -0.334925 -0.353383 0.708946 0.935479 0.0640425 0.0645214
5.94 -0.322153 -0.336488 0.710202 0.941688 0.0581287 0.0583124
5.958 -0.309358 -0.319484 0.711457 0.947592 0.0524451 0.0524085
5.976 -0.296541 -0.302377 0.712713 0.953188 0.046992 0.0468116
5.994 -0.283701 -0.285171 0.713968 0.958477 0.0417698 0.0415235
6.012 -0.270811 -0.267874 0.719715 0.963454 0.036779 0.0365459
6.03 -0.257784 -0.250489 0.727708 0.968119 0.0320214 0.0318805
6.048 -0.244613 -0.233023 0.7357 0.972471 0.0274996 0.0275288
6.066 -0.231299 -0.215482 0.743693 0.976508 0.0232162 0.0234922
6.084 -0.21784 -0.197871 0.751686 0.980228 0.0191737 0.0197719
6.102 -0.204238 -0.180196 0.759678 0.983631 0.0153748 0.0163692
6.12 -0.190492 -0.162462 0.767671 0.986715 0.011822 0.0132852
6.138 -0.176602 -0.144676 0.775663 0.989479 0.00851796 0.0105209
6.156 -0.162568 -0.126843 0.783656 0.991923 0.00546521 0.00807715
6.174 -0.14839 -0.108968 0.791648 0.994045 0.00266637 0.0059548
6.192 -0.134069 -0.091059 0.799641 0.995845 0.000124017 0.0041545
6.21 -0.119603 -0.07312 0.807633 0.997323 -0.00215925 0.00267685
6.228 -0.104994 -0.0551573 0.815626 0.998478 -0.00418084 0.00152232
6.246 -0.0902408 -0.0371767 0.823618 0.999309 -0.00593817 0.000691294
6.264 -0.0753438 -0.0191841 0.831611 0.999816 -0.00742865 0.000184032
6.282 -0.0603028 -0.00118531 0.839604 0.999999 -0.00864968 7.02476e-07
6.3 -0.045118 0.0168139 0.847596 0.999859 -0.00959869 0.000141364
6.318 -0.0297894 0.0348077 0.855589 0.999394 -0.0102731 0.00060597
6.336 -0.0143169 0.0527901 0.863581 0.998606 -0.0106702 0.00139437
6.354 0.00129954 0.0707555 0.871574 0.997494 -0.0107876 0.00250631
6.372 0.0170598 0.088698 0.879566 0.996059 -0.0106226 0.00394143
6.39 0.0329639 0.106612 0.887559 0.994301 -0.0101726 0.00569927
6.408 0.0490119 0.124491 0.895551 0.992221 -0.00943503 0.00777925
6.426 0.0652038 0.14233 0.903544 0.989819 -0.0084073 0.0101807
6.444 0.0815395 0.160122 0.911536 0.987097 -0.00708683 0.0129028
6.462 0.0980191 0.177863 0.919529 0.984055 -0.00547102 0.0159448
6.48 0.114643 0.195547 0.927521 0.980694 -0.00355728 0.0193056
6.498 0.13141 0.213166 0.935514 0.977016 -0.00134302 0.0229841
6.516 0.148321 0.230717 0.943507 0.973021 0.00117434 0.0269791
6.534 0.165376 0.248193 0.951499 0.968711 0.0039974 0.0312895
6.552 0.182575 0.265589 0.959492 0.964086 0.00712874 0.0359136
6.57 0.199918 0.282898 0.967484 0.95915 0.010571 0.0408501
6.588 0.217404 0.300116 0.975477 0.953903 0.0143266 0.0460974
6.606 0.235035 0.317237 0.983469 0.948346 0.0183984 0.0516537
6.624 0.252809 0.334255 0.991462 0.942483 0.0227888 0.0575173
6.642 0.270728 0.351165 0.999454 0.936314 0.0275004 0.0636863
6.66 0.28879 0.367961 1.00745 0.929841 0.0325358 0.0701586
6.678 0.306996 0.384637 1.01544 0.923068 0.0378977 0.0769321
6.696 0.325346 0.401189 1.02343 0.915995 0.0435885 0.0840048
6.714 0.343839 0.417611 1.03142 0.908626 0.049611 0.0913742
6.732 0.362477 0.433898 1.03942 0.900962 0.0559676 0.099038
6.75 0.381258 0.450044 1.04741 0.893006 0.062661 0.106994
6.768 0.400184 0.466044 1.0554 0.884761 0.0696938 0.115239
6.786 0.419253 0.481894 1.06339 0.87623 0.0770685 0.12377
6.804 0.438466 0.497587 1.07139 0.867414 0.0847877 0.132586
6.822 0.457823 0.513119 1.07938 0.858317 0.0928541 0.141683
6.84 0.477323 0.528485 1.08737 0.848943 0.10127 0.151057
6.858 0.496968 0.543679 1.09536 0.839293 0.110039 0.160707
6.876 0.516757 0.558698 1.10336 0.829371 0.119162 0.170629
6.894 0.536689 0.573535 1.11135 0.819181 0.128643 0.180819
6.912 0.556765 0.588187 1.11934 0.808725 0.138484 0.191275
6.93 0.576985 0.602648 1.12734 0.798007 0.148687 0.201993
6.948 0.597349 0.616913 1.13533 0.787031 0.159256 0.212969
6.966 0.617857 0.630979 1.14332 0.7758 0.170193 0.2242
6.984 0.638509 0.644841 1.15131 0.764317 0.1815 0.235683
7.002 0.6593 0.658493 1.15511 0.752587 0.19318 0.247413
7.02 0.679825 0.671932 1.12538 0.740613 0.205233 0.259387
7.038 0.699814 0.685154 1.09564 0.728399 0.21765 0.271601
7.056 0.719267 0.698153 1.0659 0.715948 0.230423 0.284052
7.074 0.738186 0.710926 1.03616 0.703266 0.243541 0.296734
7.092 0.756569 0.723469 1.00642 0.690356 0.256994 0.309644
7.11 0.774417 0.735778 0.976687 0.677223 0.270774 0.322777
7.128 0.79173 0.747848 0.94695 0.66387 0.28487 0.33613
7.146 0.808508 0.759676 0.917212 0.650302 0.299273 0.349698
7.164 0.82475 0.771258 0.887474 0.636523 0.313973 0.363477
7.182 0.840457 0.78259 0.857737 0.622538 0.328961 0.377462
7.2 0.855628 0.793668 0.827999 0.608351 0.344226 0.391649
7.218 0.870265 0.804489 0.798261 0.593968 0.35976 0.406032
7.236 0.884366 0.81505 0.768524 0.579391 0.375553 0.420609
7.254 0.897931 0.825346 0.738786 0.564627 0.391594 0.435373
7.272 0.910962 0.835375 0.709048 0.54968 0.407875 0.45032
7.29 0.923457 0.845133 0.679311 0.534555 0.424386 0.465445
7.308 0.935417 0.854618 0.649573 0.519257 0.441116 0.480743
7.326 0.946842 0.863826 0.619836 0.503791 0.458057 0.496209
7.344 0.957731 0.872753 0.590098 0.488161 0.475199 0.511839
7.362 0.968085 0.881399 0.56036 0.472373 0.492532 0.527627
7.38 0.977904 0.889758 0.530623 0.456433 0.510047 0.543567
7.398 0.987188 0.897829 0.500885 0.440344 0.527734 0.559656
7.416 0.995936 0.90561 0.471147 0.424112 0.545583 0.575888
7.434 1.00415 0.913096 0.44141 0.407744 0.563584 0.592256
7.452 1.01183 0.920288 0.411672 0.391243 0.581729 0.608757
7.47 1.01897 0.92718 0.381934 0.374615 0.600007 0.625385
7.488 1.02558 0.933773 0.352197 0.357866 0.618409 0.642134
7.506 1.03165 0.940063 0.322459 0.341001 0.636924 0.658999
7.524 1.03718 0.946048 0.292721 0.324026 0.655545 0.675974
7.542 1.04219 0.951727 0.262984 0.306945 0.67426 0.693055
7.56 1.04665 0.957098 0.233246 0.289765 0.69306 0.710235
7.578 1.05058 0.962158 0.203509 0.272492 0.711936 0.727508
7.596 1.05398 0.966907 0.173771 0.25513 0.730878 0.74487
7.614 1.05684 0.971342 0.144033 0.237685 0.749876 0.762315
7.632 1.05916 0.975463 0.114296 0.220163 0.768921 0.779837
7.65 1.06095 0.979268 0.084558 0.20257 0.788003 0.79743
7.668 1.06221 0.982755 0.0548203 0.184911 0.807112 0.815089
7.686 1.06293 0.985924 0.0250827 0.167193 0.826239 0.832807
7.704 1.06311 0.988774 -0.00465494 0.14942 0.845374 0.85058
7.722 1.06276 0.991303 -0.0343926 0.131599 0.864508 0.868401
7.74 1.06187 0.993511 -0.0641302 0.113735 0.88363 0.886265
7.758 1.06045 0.995397 -0.0938679 0.0958343 0.902732 0.904166
7.776 1.05849 0.996961 -0.123605 0.0779026 0.921803 0.922097
7.794 1.056 0.998202 -0.153343 0.0599457 0.940835 0.940054
7.812 1.05297 0.999119 -0.183081 0.0419693 0.959816 0.958031
7.83 1.04941 0.999712 -0.212818 0.0239793 0.978738 0.976021
7.848 1.04531 0.999982 -0.242556 0.0059816 0.997592 0.994018
7.866 1.04068 0.999928 -0.272294 -0.0120181 1.01637 1.01202
7.884 1.03551 0.999549 -0.302031 -0.0300139 1.03505 1.03001
7.902 1.0298 0.998847 -0.331769 -0.0479999 1.05364 1.048
7.92 1.02357 0.997822 -0.361507 -0.0659704 1.07212 1.06597
7.938 1.01679 0.996473 -0.391244 -0.0839196 1.09049 1.08392
7.956 1.00948 0.994801 -0.420982 -0.101841 1.10872 1.10184
7.974 1.00164 0.992806 -0.45072 -0.11973 1.12682 1.11973
7.992 0.993255 0.990491 -0.480457 -0.137581 1.14478 1.13758
8.01 0.984413 0.987854 -0.495345 -0.155386 1.16258 1.15539
8.028 0.97547 0.984897 -0.498354 -0.173141 1.18022 1.17314
8.046 0.966472 0.981621 -0.501362 -0.190841 1.1977 1.19084
8.064 0.957421 0.978027 -0.50437 -0.208478 1.21501 1.20848
8.082 0.948315 0.974116 -0.507379 -0.226048 1.23216 1.22605
8.1 0.939155 0.96989 -0.510387 -0.243544 1.24915 1.24354
8.118 0.929941 0.965349 -0.513395 -0.260962 1.26597 1.26096
8.136 0.920673 0.960496 -0.516404 -0.278295 1.28263 1.27829
8.154 0.911351 0.955331 -0.519412 -0.295538 1.29912 1.29554
8.172 0.901974 0.949857 -0.522421 -0.312685 1.31544 1.31268
8.19 0.892543 0.944075 -0.525429 -0.329731 1.33159 1.32973
8.208 0.883059 0.937987 -0.528437 -0.34667 1.34757 1.34667
8.226 0.87352 0.931596 -0.531446 -0.363496 1.36338 1.3635
8.244 0.863927 0.924902 -0.534454 -0.380205 1.37901 1.38021
8.262 0.854279 0.917909 -0.537462 -0.396791 1.39448 1.39679
8.28 0.844578 0.910618 -0.540471 -0.413248 1.40977 1.41325
8.298 0.834822 0.903033 -0.543479 -0.429572 1.42488 1.42957
8.316 0.825013 0.895155 -0.546488 -0.445756 1.43982 1.44576
8.334 0.815149 0.886986 -0.549496 -0.461795 1.45458 1.4618
8.352 0.805231 0.878531 -0.552504 -0.477686 1.46917 1.47769
8.37 0.795259 0.869791 -0.555513 -0.493421 1.48357 1.49342
8.388 0.785232 0.860769 -0.558521 -0.508996 1.49779 1.509
8.406 0.775152 0.851468 -0.561529 -0.524407 1.51184 1.52441
8.424 0.765017 0.841891 -0.564538 -0.539648 1.5257 1.53965
8.442 0.754829 0.832042 -0.567546 -0.554713 1.53938 1.55471
8.46 0.744586 0.821922 -0.570554 -0.569599 1.55287 1.5696
8.478 0.734289 0.811537 -0.573563 -0.584301 1.56618 1.5843
8.496 0.723937 0.800889 -0.576571 -0.598813 1.57931 1.59881
8.514 0.713532 0.789981 -0.57958 -0.613131 1.59224 1.61313
8.532 0.703073 0.778817 -0.582588 -0.627251 1.60499 1.62725
8.55 0.692559 0.767401 -0.585596 -0.641167 1.61755 1.64117
8.568 0.681991 0.755736 -0.588605 -0.654876 1.62993 1.65488
8.586 0.671369 0.743827 -0.591613 -0.668372 1.64211 1.66837
8.604 0.660693 0.731676 -0.594621 -0.681652 1.65409 1.68165
8.622 0.649963 0.719289 -0.59763 -0.694711 1.66589 1.69471
8.64 0.639178 0.706668 -0.600638 -0.707545 1.67749 1.70755
8.658 0.62834 0.693818 -0.603647 -0.72015 1.6889 1.72015
8.676 0.617447 0.680744 -0.606655 -0.732521 1.70011 1.73252
8.694 0.6065 0.667449 -0.609663 -0.744655 1.71113 1.74466
8.712 0.595499 0.653938 -0.612672 -0.756548 1.72195 1.75655
8.73 0.584444 0.640215 -0.61568 -0.768196 1.73257 1.7682
8.748 0.573335 0.626284 -0.618688 -0.779595 1.74299 1.77959
8.766 0.562171 0.612151 -0.621697 -0.790741 1.75321 1.79074
8.784 0.550954 0.597819 -0.624705 -0.801631 1.76322 1.80163
8.802 0.539682 0.583294 -0.627714 -0.812261 1.77304 1.81226
8.82 0.528356 0.568579 -0.630722 -0.822628 1.78265 1.82263
8.838 0.516976 0.553681 -0.63373 -0.832729 1.79206 1.83273
8.856 0.505542 0.538603 -0.636739 -0.84256 1.80126 1.84256
8.874 0.494053 0.52335 -0.639747 -0.852118 1.81026 1.85212
8.892 0.482511 0.507928 -0.642755 -0.861399 1.81905 1.8614
8.91 0.470914 0.492342 -0.645764 -0.870402 1.82763 1.8704
8.928 0.459263 0.476595 -0.648772 -0.879123 1.836 1.87912
8.946 0.447558 0.460695 -0.651781 -0.887559 1.84416 1.88756
8.964 0.435799 0.444645 -0.654789 -0.895707 1.85211 1.89571
8.982 0.423986 0.428451 -0.657797 -0.903565 1.85985 1.90356
9 0.412118 0.412118 -0.660806 -0.91113 1.86738 1.91113
