# z erf_numeric erf_reference abs_error est_error evaluations status
-3 -0.99997792064787983 -0.99997790950300136 1.1144878464541819e-08 5.5578227813464334e-09 36 success
-2.9500000000000002 -0.99996981358962056 -0.99996979695793586 1.6631684696122306e-08 4.9406829067128792e-09 48 success
-2.9000000000000004 -0.99995892677747844 -0.99995890212190053 2.465557791264672e-08 4.6248018335265233e-09 56 success
-2.8500000000000005 -0.99994438006031627 -0.9999443437200386 3.6340277675961374e-08 5.3408097920175353e-09 60 success
-2.8000000000000007 -0.99992504007756844 -0.99992498680533459 5.3272233846435313e-08 6.8161093227875335e-09 64 success
-2.7500000000000009 -0.99989937821460073 -0.99989937807788032 1.3672041276890923e-10 4.643692191039358e-09 76 success
-2.7000000000000011 -0.99986566745827488 -0.99986566726005943 1.9821544405829172e-10 5.8169737913162761e-09 76 success
-2.6500000000000012 -0.99982151248973272 -0.999821512247976 2.4175672574955342e-10 5.6241054578651676e-09 88 success
-2.6000000000000014 -0.99976396595003381 -0.99976396558347069 3.6656311319660517e-10 4.5656934794943622e-09 108 success
-2.5500000000000016 -0.99968934019557965 -0.99968933965736084 5.3821880285909174e-10 4.4042322678667651e-09 116 success
-2.5000000000000018 -0.99959304863553877 -0.99959304798255499 6.5298377815992126e-10 3.6348378904098681e-09 128 success
-2.450000000000002 -0.99946942084409229 -0.99946941988774896 9.5634333785454828e-10 4.7642205109248867e-09 132 success
-2.4000000000000021 -0.99931148743264198 -0.99931148610335496 1.3292870137959767e-09 4.854533514826466e-09 136 success
-2.3500000000000023 -0.99911073498280467 -0.99911073296786757 2.0149371060540489e-09 6.2001550521560941e-09 136 success
-2.3000000000000025 -0.9988568263040557 -0.99885682340264337 2.9014123326120966e-09 6.5766217313030316e-09 144 success
-2.2500000000000027 -0.99853728376361262 -0.99853728341331882 3.5029379397144567e-10 4.9835709587885763e-09 200 success
-2.2000000000000028 -0.99813715379936796 -0.99813715370201817 9.7349794891954389e-11 4.584519082334031e-09 220 success
-2.150000000000003 -0.99763860713857355 -0.99763860703732543 1.012481209983207e-10 4.0849271231102598e-09 240 success
-2.1000000000000032 -0.99702053381969002 -0.99702053334366703 4.7602299879656584e-10 4.663929264565367e-09 240 success
-2.0500000000000034 -0.99625809624660278 -0.99625809604445692 2.021458556100697e-10 4.8016819660693922e-09 268 success
-2.0000000000000036 -0.99532226525079315 -0.99532226501895282 2.3184032471590399e-10 4.9324061117866226e-09 288 success
-1.9500000000000035 -0.99417933392004132 -0.99417933359218924 3.2785207881858014e-10 5.0172196173025273e-09 304 success
-1.9000000000000035 -0.99279042970555165 -0.99279042923525762 4.7029402594489511e-10 6.1976993296995679e-09 308 success
-1.8500000000000034 -0.99111103060659922 -0.99111103005608581 5.5051341263379072e-10 4.9289325039890477e-09 388 success
-1.8000000000000034 -0.98909050247149799 -0.98909050163573087 8.357671221759233e-10 5.1955815360447703e-09 420 success
-1.7500000000000033 -0.98667167234806319 -0.98667167121918264 1.1288805445985872e-09 5.6099032645213402e-09 452 success
-1.7000000000000033 -0.98379045882439409 -0.98379045859077474 2.3361934609056334e-10 5.2673401141858267e-09 500 success
-1.6500000000000032 -0.98037558524223967 -0.98037558502336053 2.1887913703722006e-10 4.7518351444740353e-09 564 success
-1.6000000000000032 -0.97634838348993658 -0.97634838334464424 1.452923337197376e-10 4.230136549231982e-09 604 success
-1.5500000000000032 -0.97162273346652783 -0.97162273326201287 2.0451496052231732e-10 4.3454114091254754e-09 632 success
-1.5000000000000031 -0.96610514677799997 -0.96610514647531109 3.0268887396545097e-10 4.8113493664304065e-09 652 success
-1.4500000000000031 -0.95969502610326141 -0.95969502563745968 4.6580173052035434e-10 5.6643498076475256e-09 660 success
-1.400000000000003 -0.95228512044404934 -0.95228511976264929 6.814000474975046e-10 5.1626840171340586e-09 764 success
-1.350000000000003 -0.94376219715374088 -0.94376219612272461 1.0310162723570215e-09 5.6756123044730167e-09 820 success
-1.3000000000000029 -0.93400794663830999 -0.93400794494065309 1.6976569039428568e-09 5.6743799700838208e-09 856 success
-1.2500000000000029 -0.92290013012723726 -0.92290012825645895 1.8707783100424535e-09 6.3108297114054315e-09 896 success
-1.2000000000000028 -0.91031398112555828 -0.91031397822963611 2.8959221687330228e-09 5.3907423333080146e-09 1084 success
-1.1500000000000028 -0.89612384730172656 -0.89612384293691583 4.3648107350691134e-09 4.6962403891140592e-09 1196 success
-1.1000000000000028 -0.88020507623083077 -0.88020506957408262 6.6567481527002315e-09 4.6959648362650041e-09 1256 success
-1.0500000000000027 -0.86243611619227956 -0.86243610609009769 1.0102181868809623e-08 4.5842237590934538e-09 1312 success
-1.0000000000000027 -0.84270080821109183 -0.842700792949716 1.526137582974485e-08 4.8250365046779887e-09 1352 success
-0.95000000000000262 -0.82089080727561037 -0.82089080727327912 2.3312463071079037e-12 6.8738072987081737e-09 1072 success
-0.90000000000000258 -0.79690821242468468 -0.79690821242283338 1.8512968935624485e-12 7.6668913776863433e-09 880 success
-0.85000000000000253 -0.77066805762132395 -0.77066805760835388 1.2970069462880929e-11 7.2365309463972338e-09 844 success
-0.80000000000000249 -0.74210096470917708 -0.74210096470766196 1.5151213617059511e-12 6.2234432584275853e-09 848 success
-0.75000000000000244 -0.71115563365473267 -0.71115563365351675 1.2159162565694714e-12 5.7496264505977722e-09 848 success
-0.7000000000000024 -0.67780119383781112 -0.6778011938374201 3.9102054927298013e-13 5.2974401292302475e-09 860 success
-0.65000000000000235 -0.64202932735565743 -0.64202932735567364 1.6209256159527285e-14 5.1938695979142548e-09 856 success
-0.60000000000000231 -0.6038560908478765 -0.6038560908479278 5.1292303737682232e-14 5.5940308277885853e-09 820 success
-0.55000000000000226 -0.56332336632501612 -0.56332336632511082 9.4702024000525853e-14 6.6093735467678197e-09 732 success
-0.50000000000000222 -0.52049987781287743 -0.52049987781304852 1.7108536809473662e-13 8.4660360361340229e-09 512 success
-0.45000000000000223 -0.47548171978681586 -0.47548171978692572 1.0985656828665924e-13 6.4072823881986694e-09 512 success
-0.40000000000000224 -0.42839235504660489 -0.42839235504667061 6.5725203057809267e-14 4.6625251778123782e-09 512 success
-0.35000000000000225 -0.37938205356227656 -0.37938205356231258 3.602673714908633e-14 3.2276235559054359e-09 512 success
-0.30000000000000226 -0.32862675945902109 -0.32862675945912978 1.0869083411080283e-13 7.0811565020454043e-09 408 success
-0.25000000000000228 -0.27632639016812072 -0.27632639016823934 1.1862733018119798e-13 7.0315741918524567e-09 256 success
-0.20000000000000229 -0.22270258921044056 -0.22270258921048092 4.035660694512444e-14 3.6785420684567286e-09 256 success
-0.1500000000000023 -0.16799597142720812 -0.16799597142736603 1.5790146967731289e-13 8.9297731677153343e-09 128 success
-0.1000000000000023 -0.11246291601826622 -0.11246291601828745 2.1233015345956119e-14 2.6786926285912878e-09 128 success
-0.050000000000002293 -0.05637197779684721 -0.056371977797019204 1.7199436319614847e-13 1.0795083260855165e-08 32 success
-2.2898349882893854e-15 -2.5838020968721396e-15 -2.5838020968721396e-15 0 0 4 success
0.049999999999997713 0.056371977796842054 0.056371977797014049 1.7199436319614847e-13 1.0795083260507961e-08 32 success
0.099999999999997716 0.11246291601826111 0.11246291601828234 2.1233015345956119e-14 2.6786926285084626e-09 128 success
0.14999999999999772 0.1679959714272031 0.16799597142736097 1.5787371410169726e-13 8.9297731692652507e-09 128 success
0.19999999999999774 0.22270258921043562 0.222702589210476 4.0384362520740069e-14 3.678542067765917e-09 256 success
0.24999999999999772 0.27632639016811589 0.27632639016823451 1.1862733018119798e-13 7.0315741921949111e-09 256 success
0.29999999999999771 0.32862675945901648 0.32862675945912506 1.0857981180834031e-13 7.0811565027807679e-09 408 success
0.3499999999999977 0.37938205356227206 0.37938205356230803 3.5971225997855072e-14 3.2276235564024201e-09 512 success
0.39999999999999769 0.4283923550466005 0.42839235504666623 6.5725203057809267e-14 4.6625251777002895e-09 512 success
0.44999999999999768 0.47548171978681159 0.47548171978692155 1.0996759058912176e-13 6.4072823877261664e-09 512 success
0.49999999999999767 0.52049987781287343 0.52049987781304452 1.7108536809473662e-13 8.4660360349719996e-09 512 success
0.54999999999999771 0.56332336632501234 0.56332336632510704 9.4702024000525853e-14 6.6093735471640475e-09 732 success
0.59999999999999776 0.60385609084787295 0.60385609084792413 5.1181281435219717e-14 5.5940308276766454e-09 820 success
0.6499999999999978 0.6420293273556541 0.6420293273556702 1.609823385706477e-14 5.1938695982242474e-09 856 success
0.69999999999999785 0.67780119383780801 0.67780119383741699 3.9102054927298013e-13 5.2974401299406897e-09 860 success
0.74999999999999789 0.71115563365472967 0.71115563365351375 1.2159162565694714e-12 5.7496264501053549e-09 848 success
0.79999999999999793 0.74210096470917453 0.74210096470765929 1.5152323840084136e-12 6.2234432584107216e-09 848 success
0.84999999999999798 0.7706680576213214 0.77066805760835144 1.2969958440578466e-11 7.2365309457357581e-09 844 success
0.89999999999999802 0.79690821242468246 0.79690821242283116 1.8512968935624485e-12 7.6668913779586875e-09 880 success
0.94999999999999807 0.82089080727560837 0.82089080727327701 2.3313573294103662e-12 6.8738072990069215e-09 1072 success
0.99999999999999811 0.84270079295188394 0.84270079294971412 2.1698198793274059e-12 6.1199262943999592e-09 1200 success
1.049999999999998 0.86243611619227778 0.86243610609009602 1.0102181757787321e-08 4.5842237592070133e-09 1312 success
1.0999999999999981 0.88020507623082911 0.88020506957408107 6.656748041677929e-09 4.6959648362233291e-09 1256 success
1.1499999999999981 0.89612384730172512 0.89612384293691449 4.364810624046811e-09 4.696240389150542e-09 1196 success
1.1999999999999982 0.91031398112555695 0.91031397822963489 2.8959220577107203e-09 5.3907423332752152e-09 1084 success
1.2499999999999982 0.92290013012723615 0.92290012825645773 1.870778421064756e-09 6.3108297115395903e-09 896 success
1.2999999999999983 0.93400794663830911 0.93400794494065209 1.6976570149651593e-09 5.6743799700606291e-09 856 success
1.3499999999999983 0.9437621971537401 0.94376219612272372 1.031016383379324e-09 5.6756123044353039e-09 820 success
1.3999999999999984 0.95228512044404856 0.95228511976264851 6.814000474975046e-10 5.162684017055627e-09 764 success
1.4499999999999984 0.95969502610326074 0.95969502563745901 4.6580173052035434e-10 5.6643498076403382e-09 660 success
1.4999999999999984 0.96610514677799941 0.96610514647531054 3.0268887396545097e-10 4.8113493664652383e-09 652 success
1.5499999999999985 0.97162273346652728 0.97162273326201243 2.0451484950001486e-10 4.345411409195708e-09 632 success
1.5999999999999985 0.97634838348993613 0.97634838334464391 1.4529222269743514e-10 4.2301365492310423e-09 604 success
1.6499999999999986 0.98037558524223933 0.9803755850233602 2.1887913703722006e-10 4.751835144489564e-09 564 success
1.6999999999999986 0.98379045882439375 0.98379045859077452 2.3361923506826088e-10 5.2673401141720864e-09 500 success
1.7499999999999987 0.98667167234806286 0.98667167121918242 1.1288804335762848e-09 5.6099032645297799e-09 452 success
1.7999999999999987 0.98909050247149788 0.98909050163573065 8.3576723319822577e-10 5.195581535999555e-09 420 success
1.8499999999999988 0.991111030606599 0.9911110300560857 5.5051330161148826e-10 4.9289325040015282e-09 388 success
1.8999999999999988 0.99279042970555154 0.9927904292352574 4.7029413696719757e-10 6.1976993297283e-09 308 success
1.9499999999999988 0.99417933392004121 0.99417933359218913 3.2785207881858014e-10 5.0172196173337352e-09 304 success
1.9999999999999989 0.99532226525079304 0.99532226501895271 2.3184032471590399e-10 4.9324061118607297e-09 288 success
2.0499999999999989 0.99625809624660278 0.99625809604445681 2.0214596663237216e-10 4.8016819660626432e-09 268 success
2.0999999999999988 0.99702053381968991 0.99702053334366703 4.7602288777426338e-10 4.6639292645310688e-09 240 success
2.1499999999999986 0.99763860713857344 0.99763860703732532 1.012481209983207e-10 4.0849271230907342e-09 240 success
2.1999999999999984 0.99813715379936796 0.99813715370201805 9.7349905914256851e-11 4.5845190823314146e-09 220 success
2.2499999999999982 0.9985372837636125 0.99853728341331882 3.502936829491432e-10 4.983570958778699e-09 200 success
2.299999999999998 0.9988568263040557 0.99885682340264337 2.9014123326120966e-09 6.5766217313085233e-09 144 success
2.3499999999999979 0.99911073498280467 0.99911073296786757 2.0149371060540489e-09 6.2001550521339216e-09 136 success
2.3999999999999977 0.99931148743264198 0.99931148610335496 1.3292870137959767e-09 4.8545335148249175e-09 136 success
2.4499999999999975 0.99946942084409229 0.99946941988774896 9.5634333785454828e-10 4.7642205109040508e-09 132 success
2.4999999999999973 0.99959304863553877 0.99959304798255499 6.5298377815992126e-10 3.6348378904072919e-09 128 success
2.5499999999999972 0.99968934019557965 0.99968933965736084 5.3821880285909174e-10 4.4042322678629915e-09 116 success
2.599999999999997 0.99976396595003381 0.99976396558347069 3.6656311319660517e-10 4.5656934795022825e-09 108 success
2.6499999999999968 0.99982151248973272 0.999821512247976 2.4175672574955342e-10 5.6241054578652222e-09 88 success
2.6999999999999966 0.99986566745827488 0.99986566726005943 1.9821544405829172e-10 5.8169737913156756e-09 76 success
2.7499999999999964 0.99989937821460073 0.99989937807788032 1.3672041276890923e-10 4.6436921910417535e-09 76 success
2.7999999999999963 0.99992504007756844 0.99992498680533459 5.3272233846435313e-08 6.8161093227899803e-09 64 success
2.8499999999999961 0.99994438006031627 0.9999443437200386 3.6340277675961374e-08 5.3408097920190374e-09 60 success
2.8999999999999959 0.99995892677747844 0.99995890212190053 2.465557791264672e-08 4.6248018335270337e-09 56 success
2.9499999999999957 0.99996981358962056 0.99996979695793586 1.6631684696122306e-08 4.940682906713938e-09 48 success
2.9999999999999956 0.99997792064787983 0.99997790950300136 1.1144878464541819e-08 5.557822781346914e-09 36 success
